0 0.47265625 0.6046875 0.3671875 0.31640625
3 0.38671875 0.6078125 0.03671875 0.03671875
3 0.38984375 0.69140625 0.03203125 0.0296875
3 0.39296875 0.728125 0.03359375 0.0328125
3 0.4765625 0.68125 0.0328125 0.0375
3 0.5171875 0.71640625 0.0328125 0.03671875
3 0.52109375 0.59765625 0.03984375 0.04296875
3 0.60234375 0.67109375 0.03671875 0.0375
3 0.59921875 0.71015625 0.03515625 0.03125
2 0.3890625 0.653125 0.0375 0.0359375
2 0.34921875 0.73359375 0.0359375 0.0328125
2 0.434375 0.725 0.03203125 0.03359375
2 0.4765625 0.7203125 0.0328125 0.0390625
2 0.51796875 0.678125 0.0359375 0.0359375
2 0.51953125 0.640625 0.03671875 0.03828125
2 0.52265625 0.553125 0.03828125 0.04375
2 0.5578125 0.71328125 0.03359375 0.03671875
2 0.6046875 0.63046875 0.03515625 0.03984375
1 0.33203125 0.52109375 0.0421875 0.04765625
1 0.33828125 0.6140625 0.04453125 0.0375
1 0.33515625 0.5671875 0.04453125 0.040625
1 0.38125 0.51484375 0.04375 0.04453125
1 0.43046875 0.51171875 0.04296875 0.04609375
1 0.47890625 0.5109375 0.03828125 0.0484375
1 0.525 0.50703125 0.040625 0.05
1 0.57109375 0.5046875 0.03984375 0.04921875
1 0.6171875 0.50078125 0.0390625 0.05
1 0.3828125 0.5640625 0.0421875 0.04375
1 0.43125 0.5609375 0.040625 0.046875
1 0.478125 0.5578125 0.03828125 0.04140625
1 0.56796875 0.55 0.0390625 0.0421875
1 0.6125 0.546875 0.0390625 0.04453125
1 0.43203125 0.60546875 0.040625 0.04296875
1 0.47734375 0.6 0.03828125 0.04375
1 0.565625 0.5953125 0.03828125 0.04296875
1 0.6078125 0.58984375 0.03828125 0.03984375
1 0.3421875 0.65625 0.04140625 0.0421875
1 0.43359375 0.6484375 0.0375 0.03984375
1 0.4765625 0.640625 0.0390625 0.040625
1 0.56171875 0.63515625 0.03671875 0.0390625
1 0.56015625 0.678125 0.03828125 0.03671875
1 0.43359375 0.68828125 0.0375 0.03671875
1 0.346875 0.696875 0.03984375 0.0390625