0 0.4890625 0.47265625 0.31796875 0.3234375
3 0.4453125 0.45390625 0.03828125 0.05
3 0.4453125 0.596875 0.03671875 0.04375
3 0.40546875 0.59609375 0.0390625 0.0453125
2 0.44609375 0.50546875 0.03828125 0.04609375
2 0.4453125 0.5515625 0.0328125 0.04609375
2 0.565625 0.55234375 0.03671875 0.04375
2 0.56328125 0.59921875 0.0375 0.04453125
1 0.36015625 0.35234375 0.0359375 0.0484375
1 0.36171875 0.4046875 0.03671875 0.04609375
1 0.3625 0.45234375 0.03359375 0.04609375
1 0.36484375 0.50390625 0.0375 0.04609375
1 0.36484375 0.55078125 0.03359375 0.04453125
1 0.36328125 0.5953125 0.034375 0.0390625
1 0.403125 0.3515625 0.0390625 0.05546875
1 0.403125 0.40390625 0.03828125 0.04765625
1 0.40390625 0.45390625 0.0390625 0.04453125
1 0.4046875 0.50390625 0.0359375 0.04453125
1 0.40390625 0.54921875 0.0390625 0.04375
1 0.44453125 0.3515625 0.03671875 0.05078125
1 0.44453125 0.403125 0.040625 0.05
1 0.48671875 0.353125 0.0375 0.053125
1 0.4859375 0.4046875 0.03828125 0.0453125
1 0.48671875 0.45234375 0.0359375 0.04765625
1 0.48515625 0.5046875 0.0359375 0.04296875
1 0.48515625 0.55078125 0.03671875 0.04453125
1 0.48515625 0.596875 0.034375 0.04140625
1 0.52421875 0.59765625 0.03359375 0.04453125
1 0.52578125 0.55 0.03203125 0.04453125
1 0.52734375 0.50390625 0.0328125 0.04453125
1 0.52734375 0.45625 0.03515625 0.04765625
1 0.52890625 0.40625 0.03828125 0.05
1 0.52890625 0.35390625 0.0359375 0.04765625
1 0.57109375 0.35625 0.03671875 0.05
1 0.56953125 0.4078125 0.034375 0.0484375
1 0.56796875 0.45546875 0.0375 0.04609375
1 0.565625 0.50546875 0.03671875 0.04765625
1 0.6125 0.35703125 0.0375 0.05078125
1 0.61015625 0.4078125 0.03515625 0.04453125
1 0.6078125 0.45625 0.0359375 0.04765625
1 0.60703125 0.5046875 0.0359375 0.046875
1 0.60546875 0.55234375 0.0359375 0.04453125
1 0.60234375 0.59765625 0.034375 0.04609375