0 0.56953125 0.44609375 0.38515625 0.49453125
3 0.48984375 0.39140625 0.0421875 0.0609375
3 0.48984375 0.5171875 0.03671875 0.0578125
3 0.48828125 0.57734375 0.0375 0.053125
3 0.5796875 0.51328125 0.0328125 0.05234375
3 0.62265625 0.571875 0.03046875 0.05078125
3 0.625 0.396875 0.034375 0.05625
3 0.70390625 0.5109375 0.02734375 0.04921875
3 0.7015625 0.56484375 0.028125 0.05
2 0.48984375 0.4546875 0.0390625 0.0578125
2 0.4390625 0.58359375 0.04296875 0.0578125
2 0.534375 0.57578125 0.04375 0.0578125
2 0.5796875 0.57265625 0.0359375 0.05390625
2 0.62265625 0.51328125 0.0328125 0.05390625
2 0.6234375 0.45546875 0.034375 0.0546875
2 0.62578125 0.33671875 0.034375 0.059375
2 0.7046875 0.45390625 0.03203125 0.05234375
2 0.6625 0.56875 0.03359375 0.0515625
1 0.43984375 0.2546875 0.04609375 0.059375
1 0.48984375 0.2609375 0.0421875 0.06484375
1 0.43828125 0.321875 0.04765625 0.0609375
1 0.4390625 0.3890625 0.04453125 0.0609375
1 0.440625 0.45625 0.04296875 0.06015625
1 0.4390625 0.51953125 0.0390625 0.0546875
1 0.48984375 0.32578125 0.040625 0.059375
1 0.5390625 0.2671875 0.040625 0.06015625
1 0.53828125 0.33046875 0.03984375 0.05625
1 0.53671875 0.39453125 0.0390625 0.05234375
1 0.5359375 0.4546875 0.03515625 0.053125
1 0.53515625 0.51640625 0.0421875 0.05625
1 0.58046875 0.45390625 0.04140625 0.05859375
1 0.58203125 0.3953125 0.040625 0.0640625
1 0.584375 0.3328125 0.040625 0.0625
1 0.58515625 0.27109375 0.03828125 0.05859375
1 0.628125 0.27421875 0.03671875 0.05546875
1 0.66953125 0.278125 0.03203125 0.0578125
1 0.709375 0.284375 0.03515625 0.053125
1 0.66875 0.3375 0.034375 0.05703125
1 0.70703125 0.340625 0.0328125 0.05234375
1 0.6671875 0.396875 0.034375 0.05546875
1 0.70703125 0.39765625 0.03515625 0.05546875
1 0.665625 0.4546875 0.034375 0.05234375
1 0.66328125 0.51328125 0.03359375 0.05234375