0 0.51015625 0.546875 0.4140625 0.50390625
2 0.4109375 0.4703125 0.03984375 0.05546875
1 0.4109375 0.53046875 0.04140625 0.05234375
2 0.4125 0.58828125 0.03828125 0.05390625
2 0.4140625 0.64375 0.0375 0.04921875
2 0.5109375 0.58515625 0.0390625 0.05
2 0.55859375 0.640625 0.03984375 0.0546875
2 0.56015625 0.4671875 0.0375 0.05234375
2 0.6546875 0.58125 0.0390625 0.053125
2 0.6546875 0.63828125 0.04140625 0.04921875
1 0.60703125 0.63828125 0.03828125 0.04921875
1 0.3640625 0.646875 0.040625 0.05234375
1 0.46171875 0.64140625 0.04453125 0.05546875
1 0.51015625 0.64140625 0.04140625 0.0515625
1 0.559375 0.58359375 0.03984375 0.0546875
1 0.559375 0.52578125 0.0359375 0.05234375
1 0.6578125 0.52421875 0.0390625 0.05390625