0 0.46328125 0.275 0.37265625 0.46640625
2 0.38984375 0.26171875 0.04296875 0.06953125
2 0.3984375 0.39921875 0.04453125 0.06953125
2 0.40234375 0.46953125 0.04296875 0.0578125
2 0.49296875 0.39453125 0.0390625 0.0671875
2 0.5359375 0.45 0.03125 0.05234375
2 0.5328125 0.265625 0.02890625 0.06328125
2 0.61171875 0.384375 0.03125 0.05703125
2 0.61328125 0.44296875 0.02890625 0.04765625
1 0.34765625 0.47265625 0.04375 0.06953125
1 0.3953125 0.32890625 0.04765625 0.06328125
1 0.45 0.46015625 0.0421875 0.06015625
1 0.496875 0.4546875 0.03671875 0.05625
1 0.53515625 0.39140625 0.03515625 0.05390625
1 0.53515625 0.33046875 0.0390625 0.06015625
1 0.53046875 0.203125 0.03046875 0.0609375
1 0.61171875 0.32578125 0.03203125 0.0546875
1 0.57734375 0.4453125 0.0375 0.0546875