0 0.578125 0.46171875 0.58515625 0.61171875
2 0.4546875 0.43203125 0.0515625 0.0609375
2 0.41328125 0.55 0.05 0.05703125
2 0.39296875 0.60390625 0.046875 0.0546875
2 0.525 0.6046875 0.04765625 0.053125
2 0.55234375 0.678125 0.046875 0.05234375
2 0.6296875 0.52421875 0.05234375 0.059375
2 0.678125 0.67890625 0.0421875 0.046875
2 0.65078125 0.72578125 0.040625 0.046875
1 0.3359375 0.57578125 0.0515625 0.05625
1 0.4328125 0.49296875 0.0515625 0.05859375
1 0.446875 0.628125 0.04765625 0.0515625
1 0.50078125 0.65390625 0.04765625 0.05390625
1 0.66015625 0.4640625 0.0546875 0.06953125
1 0.60234375 0.5796875 0.05 0.05625
1 0.5765625 0.63125 0.0484375 0.0515625
1 0.60234375 0.7 0.04765625 0.04921875
1 0.70703125 0.63125 0.0484375 0.0515625