0 0.59375 0.45625 0.27578125 0.340625
2 0.53828125 0.46171875 0.02734375 0.03984375
2 0.52578125 0.546875 0.0265625 0.0375
2 0.51953125 0.58828125 0.02578125 0.0375
2 0.58828125 0.52421875 0.02421875 0.0390625
2 0.61015625 0.553125 0.02265625 0.03359375
2 0.63203125 0.43203125 0.0234375 0.04140625
2 0.66953125 0.4953125 0.021875 0.03515625
2 0.66171875 0.53125 0.01953125 0.03046875
1 0.48671875 0.6015625 0.0296875 0.0359375
1 0.53125 0.5046875 0.028125 0.0390625
1 0.55 0.57578125 0.025 0.03671875
1 0.58125 0.5640625 0.0234375 0.034375
1 0.6171875 0.5140625 0.025 0.0375
1 0.63671875 0.54296875 0.02578125 0.034375
1 0.625 0.4734375 0.021875 0.0375
1 0.64140625 0.38984375 0.02578125 0.040625
1 0.67890625 0.45703125 0.01875 0.03671875