0 0.51796875 0.51484375 0.43984375 0.32734375
1 0.390625 0.65078125 0.0390625 0.03671875
1 0.4265625 0.56484375 0.0421875 0.04453125
1 0.4828125 0.646875 0.03984375 0.04296875
1 0.5296875 0.64609375 0.040625 0.03671875
1 0.5765625 0.6015625 0.04140625 0.0375
1 0.57734375 0.5609375 0.04140625 0.040625
1 0.578125 0.46015625 0.04375 0.05390625
1 0.6828125 0.55625 0.04765625 0.046875
1 0.62421875 0.6453125 0.040625 0.0375
2 0.41953125 0.51640625 0.04765625 0.04609375
2 0.43046875 0.60703125 0.04296875 0.03984375
2 0.528125 0.603125 0.03984375 0.03671875
2 0.5765625 0.64453125 0.04140625 0.0390625
2 0.57734375 0.51171875 0.046875 0.0453125
2 0.67734375 0.60234375 0.04375 0.0390625
2 0.6734375 0.6453125 0.0390625 0.03359375