0 0.4953125 0.50546875 0.4953125 0.48671875
1 0.52109375 0.4734375 0.0453125 0.03984375
1 0.43671875 0.6234375 0.03984375 0.03125
1 0.44453125 0.6984375 0.0375 0.0296875
1 0.521875 0.6578125 0.0359375 0.03125
1 0.56484375 0.63515625 0.03984375 0.03359375
1 0.58828125 0.58203125 0.040625 0.0390625
1 0.5671875 0.54765625 0.04453125 0.0375
1 0.65234375 0.58671875 0.0375 0.0359375
2 0.66640625 0.49140625 0.04375 0.04296875
2 0.409375 0.590625 0.0390625 0.0359375
2 0.46015625 0.65078125 0.03671875 0.02734375
2 0.48203125 0.67890625 0.03671875 0.021875
2 0.54375 0.60546875 0.03359375 0.03515625
2 0.6078125 0.61015625 0.03671875 0.0296875
2 0.54375 0.509375 0.04375 0.0390625
2 0.68203125 0.5265625 0.03828125 0.034375
2 0.7 0.5625 0.03671875 0.03359375