0 0.475 0.53046875 0.43125 0.54453125
1 0.38046875 0.328125 0.03984375 0.06484375
1 0.42109375 0.365625 0.03984375 0.0671875
1 0.465625 0.4046875 0.0421875 0.0609375
1 0.5078125 0.44296875 0.04375 0.06015625
1 0.54921875 0.4796875 0.04375 0.05625
1 0.59296875 0.515625 0.04921875 0.05546875
1 0.63671875 0.55390625 0.04765625 0.05859375
1 0.36015625 0.37890625 0.040625 0.05859375
1 0.40234375 0.41484375 0.040625 0.0578125
1 0.44296875 0.45 0.03984375 0.059375
1 0.48359375 0.4875 0.04140625 0.06015625
1 0.5265625 0.5234375 0.0390625 0.05859375
1 0.5703125 0.5625 0.040625 0.05546875
1 0.61171875 0.59921875 0.04453125 0.06171875
1 0.3421875 0.425 0.0390625 0.0578125
1 0.38359375 0.4578125 0.040625 0.06015625
1 0.42421875 0.49609375 0.04140625 0.06015625
1 0.46484375 0.53359375 0.04140625 0.0546875
1 0.50546875 0.56875 0.04140625 0.053125
1 0.54375 0.6046875 0.04296875 0.05625
1 0.5875 0.640625 0.04453125 0.0578125
1 0.32578125 0.46953125 0.03828125 0.05234375
1 0.365625 0.50546875 0.040625 0.05234375
1 0.4046875 0.53828125 0.0421875 0.0546875
1 0.44453125 0.5765625 0.04375 0.04921875
1 0.4828125 0.60859375 0.0375 0.053125
1 0.5234375 0.64375 0.0390625 0.04921875
1 0.5625 0.68046875 0.04296875 0.05234375
1 0.31171875 0.51484375 0.03515625 0.0515625
1 0.3484375 0.54609375 0.0375 0.0484375
1 0.38828125 0.57890625 0.03515625 0.05078125
1 0.425 0.615625 0.03671875 0.046875
1 0.46328125 0.6484375 0.0375 0.05234375
1 0.50390625 0.68671875 0.034375 0.05078125
1 0.5421875 0.72109375 0.03984375 0.05234375
1 0.29296875 0.553125 0.03984375 0.053125
1 0.33046875 0.5859375 0.03515625 0.05625
1 0.36953125 0.61953125 0.03984375 0.05703125
1 0.40625 0.65234375 0.040625 0.0546875
1 0.44375 0.68828125 0.04140625 0.053125
1 0.48125 0.721875 0.03984375 0.05078125
1 0.51875 0.75546875 0.03984375 0.0515625