0 0.52265625 0.4265625 0.44453125 0.4265625
2 0.58828125 0.33984375 0.0578125 0.07421875
2 0.41796875 0.48125 0.05234375 0.06875
2 0.36640625 0.61484375 0.05234375 0.05859375
2 0.4765625 0.6109375 0.05234375 0.06640625
2 0.5296875 0.60390625 0.05234375 0.0640625
2 0.58515625 0.540625 0.053125 0.06484375
2 0.5859375 0.4765625 0.05546875 0.07265625
2 0.69453125 0.46953125 0.0515625 0.06875
2 0.6359375 0.59765625 0.04609375 0.0609375
3 0.41484375 0.41328125 0.05234375 0.06796875
3 0.4171875 0.5453125 0.05234375 0.06171875
3 0.41953125 0.60703125 0.05859375 0.06015625
3 0.58671875 0.40625 0.05625 0.06484375
3 0.69296875 0.53359375 0.05390625 0.06796875
3 0.69140625 0.59921875 0.0515625 0.06171875
3 0.53046875 0.54140625 0.053125 0.05703125
1 0.34765625 0.26796875 0.0578125 0.0671875
1 0.35234375 0.34140625 0.0546875 0.065625
1 0.3546875 0.41640625 0.04921875 0.0640625
1 0.359375 0.48046875 0.0515625 0.06484375
1 0.36171875 0.546875 0.05078125 0.059375
1 0.4078125 0.26875 0.05390625 0.07421875
1 0.409375 0.3390625 0.04609375 0.0640625
1 0.46953125 0.2640625 0.05625 0.07734375
1 0.4703125 0.33984375 0.05546875 0.0625
1 0.4703125 0.40859375 0.05 0.0625
1 0.47109375 0.47421875 0.05234375 0.059375
1 0.47265625 0.54609375 0.04765625 0.06484375
1 0.528125 0.2640625 0.05390625 0.07578125
1 0.52734375 0.33671875 0.0484375 0.0625
1 0.528125 0.409375 0.05078125 0.06484375
1 0.52890625 0.47421875 0.04921875 0.05859375
1 0.5890625 0.26171875 0.05546875 0.07421875
1 0.646875 0.26015625 0.05546875 0.0734375
1 0.64765625 0.33359375 0.05390625 0.0703125
1 0.6421875 0.403125 0.04765625 0.065625
1 0.640625 0.47265625 0.04921875 0.065625
1 0.63828125 0.5359375 0.0421875 0.05859375
1 0.70859375 0.2578125 0.05 0.0734375
1 0.70234375 0.33203125 0.04921875 0.06796875
1 0.69921875 0.4 0.05 0.06015625