0 0.55 0.6625 0.36640625 0.40703125
2 0.46328125 0.64765625 0.03671875 0.0421875
2 0.46640625 0.7390625 0.03671875 0.0421875
2 0.46875 0.7828125 0.034375 0.03671875
2 0.55078125 0.71484375 0.03203125 0.04375
2 0.58984375 0.74375 0.02890625 0.03828125
2 0.66796875 0.721875 0.028125 0.0390625
2 0.6703125 0.67890625 0.02890625 0.03671875
2 0.59453125 0.61328125 0.034375 0.0421875
1 0.465625 0.69296875 0.0359375 0.040625
1 0.4234375 0.79765625 0.034375 0.0375
1 0.509375 0.76875 0.034375 0.03671875
1 0.55078125 0.75625 0.03203125 0.03359375
1 0.59140625 0.70390625 0.02890625 0.0421875
1 0.59375 0.659375 0.0328125 0.03984375
1 0.67265625 0.6375 0.0328125 0.03984375
1 0.63046875 0.73359375 0.02734375 0.03515625
1 0.5953125 0.565625 0.0359375 0.04765625