0 0.44765625 0.465625 0.36953125 0.403125
2 0.3625 0.43203125 0.0390625 0.05546875
2 0.36328125 0.54765625 0.040625 0.05625
2 0.36171875 0.60859375 0.0421875 0.05546875
2 0.45703125 0.546875 0.03671875 0.053125
2 0.50234375 0.60234375 0.0375 0.05234375
2 0.58984375 0.5453125 0.0328125 0.04921875
2 0.590625 0.6 0.0359375 0.05078125
2 0.50078125 0.434375 0.0359375 0.0484375
1 0.3640625 0.49140625 0.040625 0.053125
1 0.31171875 0.60703125 0.04296875 0.05234375
1 0.41015625 0.60390625 0.04140625 0.05625
1 0.4578125 0.60546875 0.0453125 0.05390625
1 0.50234375 0.5484375 0.0375 0.0484375
1 0.546875 0.60234375 0.0375 0.05078125
1 0.5890625 0.4921875 0.03359375 0.04609375