0 0.5640625 0.32421875 0.35859375 0.3890625
2 0.4671875 0.30703125 0.0375 0.0484375
2 0.4640625 0.41640625 0.03671875 0.046875
2 0.4609375 0.46796875 0.0328125 0.04140625
2 0.553125 0.42265625 0.03046875 0.046875
2 0.59140625 0.4765625 0.03203125 0.04453125
2 0.68203125 0.43359375 0.03359375 0.0453125
2 0.67578125 0.48359375 0.03125 0.0453125
2 0.60625 0.3203125 0.03359375 0.05078125
1 0.46484375 0.36328125 0.0375 0.05
1 0.4171875 0.4640625 0.0375 0.04921875
1 0.5046875 0.47109375 0.03671875 0.04609375
1 0.546875 0.47421875 0.03984375 0.04921875
1 0.5953125 0.4265625 0.03828125 0.0484375
1 0.6 0.375 0.03671875 0.046875
1 0.6125 0.26171875 0.0359375 0.0546875
1 0.68828125 0.38046875 0.0390625 0.04921875
1 0.63359375 0.48046875 0.0390625 0.0484375