0 0.55 0.6625 0.36640625 0.40703125
3 0.46328125 0.64765625 0.03671875 0.0421875
3 0.46640625 0.7390625 0.03671875 0.0421875
3 0.46875 0.7828125 0.034375 0.03671875
3 0.55078125 0.71484375 0.03203125 0.04375
3 0.58984375 0.74375 0.02890625 0.03828125
3 0.66796875 0.721875 0.028125 0.0390625
3 0.6703125 0.67890625 0.02890625 0.03671875
3 0.59453125 0.61328125 0.034375 0.0421875
2 0.465625 0.69296875 0.0359375 0.040625
2 0.4234375 0.79765625 0.034375 0.0375
2 0.509375 0.76875 0.034375 0.03671875
2 0.55078125 0.75625 0.03203125 0.03359375
2 0.59140625 0.70390625 0.02890625 0.0421875
2 0.59375 0.659375 0.0328125 0.03984375
2 0.67265625 0.6375 0.0328125 0.03984375
2 0.63046875 0.73359375 0.02734375 0.03515625
2 0.5953125 0.565625 0.0359375 0.04765625
1 0.41171875 0.55625 0.04453125 0.05
1 0.41328125 0.609375 0.04296875 0.05
1 0.41484375 0.659375 0.04140625 0.05
1 0.41875 0.7078125 0.04296875 0.046875
1 0.42109375 0.753125 0.0390625 0.04609375
1 0.46015625 0.5453125 0.03984375 0.04765625
1 0.46015625 0.6 0.0421875 0.053125
1 0.5078125 0.53515625 0.04140625 0.05078125
1 0.509375 0.5875 0.03515625 0.0453125
1 0.50859375 0.6359375 0.0390625 0.0453125
1 0.50859375 0.684375 0.03984375 0.0484375
1 0.509375 0.728125 0.0375 0.04375
1 0.5515625 0.6703125 0.03671875 0.0453125
1 0.5515625 0.6234375 0.0375 0.0484375
1 0.553125 0.57421875 0.03671875 0.0484375
1 0.55390625 0.5234375 0.040625 0.05
1 0.59765625 0.51171875 0.03671875 0.0484375
1 0.6421875 0.503125 0.03828125 0.0515625
1 0.63984375 0.55546875 0.040625 0.0484375
1 0.63671875 0.6015625 0.03984375 0.046875
1 0.63359375 0.646875 0.040625 0.0453125
1 0.6296875 0.690625 0.0359375 0.04375
1 0.684375 0.49609375 0.0359375 0.046875
1 0.6765625 0.59296875 0.0328125 0.04140625
1 0.68046875 0.5453125 0.03359375 0.04453125