0 0.4796875 0.44375 0.42109375 0.340625
1 0.315625 0.334375 0.05234375 0.05546875
1 0.321875 0.3953125 0.046875 0.05546875
1 0.32734375 0.44765625 0.04765625 0.04453125
1 0.3328125 0.49921875 0.04609375 0.040625
1 0.33828125 0.5453125 0.0453125 0.04140625
1 0.34375 0.5953125 0.04296875 0.0453125
1 0.37109375 0.33203125 0.046875 0.06328125
1 0.3765625 0.3921875 0.04765625 0.05625
1 0.38125 0.446875 0.04453125 0.05390625
1 0.38359375 0.49921875 0.04296875 0.04375
1 0.3875 0.5453125 0.046875 0.04296875
1 0.390625 0.590625 0.0390625 0.03828125
1 0.42734375 0.33125 0.04453125 0.0578125
1 0.43046875 0.38984375 0.04375 0.053125
1 0.43359375 0.4453125 0.04609375 0.0484375
1 0.434375 0.4953125 0.04296875 0.04375
1 0.43671875 0.54296875 0.03984375 0.04296875
1 0.4375 0.58828125 0.03359375 0.04375
1 0.4828125 0.32890625 0.04453125 0.06015625
1 0.48359375 0.38984375 0.0390625 0.04765625
1 0.48515625 0.44296875 0.04375 0.05078125
1 0.484375 0.49296875 0.0421875 0.05078125
1 0.484375 0.53984375 0.0421875 0.04609375
1 0.48515625 0.58359375 0.03828125 0.04375
1 0.5390625 0.3265625 0.04453125 0.0578125
1 0.53671875 0.38671875 0.04375 0.05234375
1 0.53515625 0.44140625 0.04375 0.0515625
1 0.53359375 0.49140625 0.040625 0.0484375
1 0.53203125 0.5375 0.04140625 0.04375
1 0.5296875 0.58125 0.03984375 0.04296875
1 0.59296875 0.3234375 0.04609375 0.06171875
1 0.5890625 0.3828125 0.0453125 0.05234375
1 0.5859375 0.4375 0.0421875 0.0484375
1 0.5828125 0.48828125 0.03984375 0.0453125
1 0.5796875 0.534375 0.03828125 0.04375
1 0.5765625 0.57890625 0.0359375 0.040625
1 0.6484375 0.321875 0.04453125 0.059375
1 0.64296875 0.3828125 0.04453125 0.0515625
1 0.6375 0.43515625 0.0453125 0.0515625
1 0.63125 0.48515625 0.04140625 0.05
1 0.6265625 0.53203125 0.03984375 0.0421875
1 0.62109375 0.57734375 0.0375 0.0421875