0 0.509375 0.459375 0.37578125 0.38515625
1 0.359375 0.3109375 0.04296875 0.0578125
1 0.36171875 0.3734375 0.040625 0.05546875
1 0.36171875 0.43125 0.03984375 0.05078125
1 0.36328125 0.490625 0.040625 0.053125
1 0.3640625 0.546875 0.03984375 0.05234375
1 0.3671875 0.60234375 0.0390625 0.0515625
1 0.409375 0.31328125 0.04140625 0.0546875
1 0.41015625 0.37421875 0.04375 0.059375
1 0.41171875 0.434375 0.0421875 0.05390625
1 0.4109375 0.49140625 0.046875 0.059375
1 0.4125 0.55078125 0.04296875 0.059375
1 0.4140625 0.60390625 0.040625 0.0484375
1 0.45859375 0.31328125 0.04296875 0.06171875
1 0.45859375 0.3765625 0.04453125 0.05390625
1 0.45859375 0.43515625 0.040625 0.05078125
1 0.459375 0.49296875 0.04140625 0.05234375
1 0.459375 0.54765625 0.040625 0.053125
1 0.45859375 0.603125 0.04375 0.04921875
1 0.50859375 0.3140625 0.04296875 0.053125
1 0.50859375 0.3765625 0.03984375 0.0578125
1 0.5078125 0.4359375 0.0421875 0.05390625
1 0.5078125 0.49296875 0.04453125 0.05390625
1 0.50703125 0.55 0.04296875 0.05234375
1 0.50703125 0.6046875 0.04140625 0.0546875
1 0.559375 0.31484375 0.04609375 0.06171875
1 0.55859375 0.3765625 0.04609375 0.0578125
1 0.55625 0.43671875 0.04921875 0.05625
1 0.55546875 0.4953125 0.0421875 0.05625
1 0.55390625 0.5515625 0.04375 0.0515625
1 0.5515625 0.60703125 0.04375 0.05859375
1 0.61171875 0.315625 0.0484375 0.0640625
1 0.609375 0.378125 0.04375 0.05703125
1 0.60546875 0.43671875 0.04296875 0.05859375
1 0.603125 0.49609375 0.04375 0.05859375
1 0.60234375 0.5515625 0.04609375 0.05546875
1 0.59921875 0.60859375 0.04296875 0.05703125
1 0.6625 0.315625 0.04296875 0.05859375
1 0.65859375 0.3765625 0.04765625 0.053125
1 0.65625 0.43671875 0.04296875 0.053125
1 0.65390625 0.49765625 0.046875 0.05234375
1 0.65234375 0.553125 0.04375 0.05625
1 0.64921875 0.6109375 0.04140625 0.05625