0 0.56953125 0.44609375 0.38515625 0.49453125
2 0.48984375 0.39140625 0.0421875 0.0609375
2 0.48984375 0.5171875 0.03671875 0.0578125
2 0.48828125 0.57734375 0.0375 0.053125
2 0.5796875 0.51328125 0.0328125 0.05234375
2 0.62265625 0.571875 0.03046875 0.05078125
2 0.625 0.396875 0.034375 0.05625
2 0.70390625 0.5109375 0.02734375 0.04921875
2 0.7015625 0.56484375 0.028125 0.05
1 0.48984375 0.4546875 0.0390625 0.0578125
1 0.4390625 0.58359375 0.04296875 0.0578125
1 0.534375 0.57578125 0.04375 0.0578125
1 0.5796875 0.57265625 0.0359375 0.05390625
1 0.62265625 0.51328125 0.0328125 0.05390625
1 0.6234375 0.45546875 0.034375 0.0546875
1 0.62578125 0.33671875 0.034375 0.059375
1 0.7046875 0.45390625 0.03203125 0.05234375
1 0.6625 0.56875 0.03359375 0.0515625