0 0.56015625 0.5546875 0.3265625 0.4609375
2 0.50078125 0.51328125 0.0375 0.05703125
2 0.4953125 0.62421875 0.03671875 0.04921875
2 0.49375 0.67734375 0.034375 0.0453125
2 0.5734375 0.6015625 0.03046875 0.05078125
2 0.60625 0.64140625 0.0296875 0.04609375
2 0.6703125 0.62109375 0.025 0.04296875
2 0.675 0.575 0.025 0.04453125
2 0.61640625 0.48984375 0.028125 0.05
1 0.45078125 0.6921875 0.03671875 0.0484375
1 0.53359375 0.66640625 0.03125 0.04921875
1 0.571875 0.65390625 0.0296875 0.046875
1 0.60859375 0.59296875 0.03203125 0.046875
1 0.6125 0.54296875 0.0296875 0.05
1 0.6203125 0.43671875 0.03046875 0.053125
1 0.6796875 0.52578125 0.02421875 0.04375
1 0.63984375 0.63125 0.02578125 0.04375