0 0.54609375 0.4546875 0.2828125 0.3734375
3 0.52421875 0.43359375 0.0359375 0.04921875
3 0.52421875 0.5703125 0.03046875 0.0390625
3 0.48671875 0.57890625 0.03671875 0.03671875
2 0.52421875 0.48203125 0.03203125 0.04609375
2 0.52421875 0.5265625 0.03203125 0.04375
2 0.62109375 0.496875 0.03046875 0.04375
2 0.61953125 0.53984375 0.0296875 0.040625
1 0.44609375 0.3484375 0.03203125 0.04921875
1 0.44765625 0.40234375 0.034375 0.04921875
1 0.44921875 0.45234375 0.03515625 0.0421875
1 0.45 0.5015625 0.034375 0.04609375
1 0.45078125 0.54765625 0.034375 0.04453125
1 0.45234375 0.590625 0.03203125 0.04140625
1 0.48828125 0.53828125 0.0296875 0.04453125
1 0.48828125 0.490625 0.03046875 0.04296875
1 0.4875 0.44375 0.0328125 0.04453125
1 0.4875 0.39296875 0.03125 0.046875
1 0.48515625 0.34296875 0.03125 0.04921875
1 0.52421875 0.33515625 0.0328125 0.05078125
1 0.52265625 0.38828125 0.02890625 0.046875
1 0.55703125 0.56015625 0.02890625 0.04375
1 0.5578125 0.5171875 0.02890625 0.04375
1 0.55859375 0.4734375 0.0296875 0.0421875
1 0.559375 0.4265625 0.03046875 0.04375
1 0.56015625 0.37890625 0.03203125 0.04765625
1 0.5609375 0.328125 0.03046875 0.05078125
1 0.596875 0.32109375 0.0296875 0.05234375
1 0.59453125 0.37109375 0.03203125 0.04609375
1 0.59296875 0.4171875 0.03125 0.0453125
1 0.59140625 0.4640625 0.03046875 0.0421875
1 0.590625 0.50703125 0.02890625 0.04140625
1 0.5890625 0.54921875 0.028125 0.03984375
1 0.6296875 0.31484375 0.0265625 0.04609375
1 0.6265625 0.36328125 0.03046875 0.04453125
1 0.62578125 0.409375 0.028125 0.040625
1 0.62265625 0.4546875 0.02578125 0.0390625
1 0.64765625 0.5296875 0.0296875 0.03671875
1 0.65234375 0.48828125 0.028125 0.0390625
1 0.65390625 0.446875 0.025 0.03984375
1 0.65546875 0.40078125 0.02890625 0.0421875
1 0.659375 0.35859375 0.02734375 0.04375
1 0.66171875 0.31015625 0.03125 0.04921875