0 0.59375 0.45625 0.27578125 0.340625
3 0.53828125 0.46171875 0.02734375 0.03984375
3 0.52578125 0.546875 0.0265625 0.0375
3 0.51953125 0.58828125 0.02578125 0.0375
3 0.58828125 0.52421875 0.02421875 0.0390625
3 0.61015625 0.553125 0.02265625 0.03359375
3 0.63203125 0.43203125 0.0234375 0.04140625
3 0.66953125 0.4953125 0.021875 0.03515625
3 0.66171875 0.53125 0.01953125 0.03046875
2 0.48671875 0.6015625 0.0296875 0.0359375
2 0.53125 0.5046875 0.028125 0.0390625
2 0.55 0.57578125 0.025 0.03671875
2 0.58125 0.5640625 0.0234375 0.034375
2 0.6171875 0.5140625 0.025 0.0375
2 0.63671875 0.54296875 0.02578125 0.034375
2 0.625 0.4734375 0.021875 0.0375
2 0.64140625 0.38984375 0.02578125 0.040625
2 0.67890625 0.45703125 0.01875 0.03671875
1 0.51484375 0.3703125 0.03046875 0.04609375
1 0.50703125 0.42265625 0.0328125 0.05
1 0.5015625 0.47109375 0.03125 0.04375
1 0.4953125 0.515625 0.03125 0.03984375
1 0.490625 0.559375 0.028125 0.040625
1 0.54375 0.4140625 0.03046875 0.04453125
1 0.5515625 0.3625 0.02734375 0.04765625
1 0.5859375 0.35625 0.0296875 0.04609375
1 0.578125 0.40625 0.0296875 0.04453125
1 0.57109375 0.45234375 0.0296875 0.04375
1 0.5640625 0.49609375 0.028125 0.04296875
1 0.5578125 0.5359375 0.03046875 0.0375
1 0.61953125 0.35 0.0265625 0.04609375
1 0.61015625 0.396875 0.0296875 0.0453125
1 0.603125 0.44375 0.02890625 0.040625
1 0.59453125 0.48359375 0.025 0.03671875
1 0.64765625 0.34140625 0.0265625 0.046875
1 0.678125 0.33515625 0.0265625 0.04453125
1 0.66875 0.3796875 0.02421875 0.03828125
1 0.659375 0.425 0.025 0.0375
1 0.6515625 0.465625 0.028125 0.03515625
1 0.64296875 0.5046875 0.0265625 0.03359375
1 0.68671875 0.41796875 0.02578125 0.040625
1 0.696875 0.37421875 0.021875 0.0390625
1 0.70703125 0.33125 0.02421875 0.04375