0 0.4234375 0.47578125 0.42421875 0.534375
3 0.3171875 0.396875 0.046875 0.05859375
2 0.321875 0.45 0.04453125 0.04375
2 0.471875 0.3703125 0.04140625 0.05859375
3 0.4703125 0.42734375 0.0421875 0.05
3 0.3234375 0.4984375 0.03671875 0.04296875
2 0.28203125 0.53203125 0.03828125 0.0484375
3 0.32890625 0.54296875 0.0421875 0.0453125
2 0.37265625 0.55234375 0.0359375 0.040625
2 0.41875 0.56015625 0.03828125 0.0453125
3 0.46484375 0.5671875 0.03828125 0.0421875
2 0.51015625 0.578125 0.03828125 0.04453125
3 0.55546875 0.58671875 0.04375 0.0453125
3 0.559375 0.540625 0.0421875 0.0421875
2 0.465625 0.52265625 0.04375 0.04921875
3 0.41875 0.51328125 0.03828125 0.046875
2 0.46953125 0.47890625 0.040625 0.05078125
2 0.56796875 0.4921875 0.03984375 0.05078125
1 0.25546875 0.2671875 0.04375 0.0578125
1 0.309375 0.28203125 0.046875 0.06484375
1 0.3609375 0.28984375 0.0484375 0.065625
1 0.41796875 0.2984375 0.046875 0.06875
1 0.4734375 0.30859375 0.04375 0.065625
1 0.5296875 0.31640625 0.04296875 0.0609375
1 0.58515625 0.32578125 0.04375 0.06015625
1 0.2609375 0.3328125 0.046875 0.05625
1 0.31328125 0.34140625 0.04375 0.05703125
1 0.36484375 0.35078125 0.04375 0.06328125
1 0.41796875 0.3609375 0.04453125 0.05703125
1 0.5234375 0.38046875 0.04453125 0.05234375
1 0.578125 0.38828125 0.046875 0.0578125
1 0.26796875 0.3890625 0.04296875 0.05234375
1 0.3671875 0.40703125 0.04453125 0.053125
1 0.41796875 0.41484375 0.04609375 0.06015625
1 0.57265625 0.44375 0.04453125 0.05625
1 0.5203125 0.4328125 0.0453125 0.0515625
1 0.27109375 0.4421875 0.04609375 0.053125
1 0.275 0.48828125 0.04296875 0.0453125
1 0.3703125 0.45859375 0.03984375 0.046875
1 0.37109375 0.5078125 0.04140625 0.04296875
1 0.41796875 0.4640625 0.04296875 0.0453125
1 0.5171875 0.484375 0.0421875 0.04765625
1 0.5125 0.53359375 0.03984375 0.0484375