0 0.43359375 0.49765625 0.46171875 0.39296875
3 0.32734375 0.484375 0.04609375 0.05234375
3 0.346875 0.5828125 0.04296875 0.04453125
3 0.3546875 0.62890625 0.040625 0.0421875
3 0.44609375 0.590625 0.0421875 0.0421875
3 0.50078125 0.63984375 0.0421875 0.04375
3 0.60390625 0.65 0.04609375 0.05
3 0.60625 0.6046875 0.0453125 0.04453125
3 0.4921875 0.49453125 0.0453125 0.05
2 0.309375 0.621875 0.03984375 0.03984375
2 0.40390625 0.63203125 0.0375 0.0453125
2 0.4515625 0.6359375 0.04296875 0.0421875
2 0.49921875 0.5953125 0.04453125 0.0484375
2 0.49609375 0.5453125 0.04453125 0.0453125
2 0.60703125 0.55234375 0.04921875 0.05078125
2 0.48828125 0.4359375 0.0515625 0.05625
2 0.55234375 0.646875 0.04453125 0.04296875
1 0.24765625 0.36484375 0.0515625 0.0609375
1 0.2609375 0.42421875 0.05 0.053125
1 0.275 0.48046875 0.05078125 0.05078125
1 0.2875 0.5328125 0.04453125 0.04765625
1 0.29765625 0.578125 0.04375 0.0453125
1 0.3171875 0.42734375 0.0515625 0.0578125
1 0.303125 0.36796875 0.05 0.06171875
1 0.3640625 0.36953125 0.05078125 0.0625
1 0.37265625 0.43203125 0.046875 0.05546875
1 0.38203125 0.48671875 0.04765625 0.0515625
1 0.39140625 0.5390625 0.05078125 0.0484375
2 0.3375 0.5359375 0.04296875 0.04375
1 0.42421875 0.3703125 0.053125 0.06171875
1 0.43046875 0.43359375 0.0453125 0.05390625
1 0.43515625 0.49140625 0.046875 0.0515625
1 0.44375 0.53984375 0.04453125 0.04765625
1 0.39609375 0.5859375 0.04296875 0.046875
1 0.48359375 0.37109375 0.04921875 0.06796875
1 0.54453125 0.371875 0.05703125 0.0625
1 0.546875 0.43828125 0.05078125 0.0625
1 0.5484375 0.496875 0.05 0.05390625
1 0.54921875 0.55 0.046875 0.04921875
1 0.5515625 0.5984375 0.046875 0.0484375
1 0.60703125 0.49921875 0.05078125 0.0515625
1 0.60859375 0.43984375 0.04921875 0.0625
1 0.6078125 0.37578125 0.06015625 0.06328125