0 0.5640625 0.32421875 0.35859375 0.3890625
3 0.4671875 0.30703125 0.0375 0.0484375
3 0.4640625 0.41640625 0.03671875 0.046875
3 0.4609375 0.46796875 0.0328125 0.04140625
3 0.553125 0.42265625 0.03046875 0.046875
3 0.59140625 0.4765625 0.03203125 0.04453125
3 0.68203125 0.43359375 0.03359375 0.0453125
3 0.67578125 0.48359375 0.03125 0.0453125
3 0.60625 0.3203125 0.03359375 0.05078125
2 0.46484375 0.36328125 0.0375 0.05
2 0.4171875 0.4640625 0.0375 0.04921875
2 0.5046875 0.47109375 0.03671875 0.04609375
2 0.546875 0.47421875 0.03984375 0.04921875
2 0.5953125 0.4265625 0.03828125 0.0484375
2 0.6 0.375 0.03671875 0.046875
2 0.6125 0.26171875 0.0359375 0.0546875
2 0.68828125 0.38046875 0.0390625 0.04921875
2 0.63359375 0.48046875 0.0390625 0.0484375
1 0.42421875 0.18125 0.040625 0.05859375
1 0.4234375 0.24140625 0.04296875 0.05390625
1 0.42265625 0.3015625 0.04609375 0.05703125
1 0.42109375 0.359375 0.04296875 0.0515625
1 0.41796875 0.4125 0.04140625 0.04765625
1 0.47265625 0.18515625 0.04375 0.0578125
1 0.46875 0.24453125 0.03984375 0.05234375
1 0.521875 0.1921875 0.04296875 0.0578125
1 0.51796875 0.253125 0.0453125 0.05625
1 0.5140625 0.31015625 0.04453125 0.05390625
1 0.5109375 0.3671875 0.0421875 0.04921875
1 0.50625 0.41953125 0.040625 0.053125
1 0.57109375 0.19609375 0.04140625 0.05703125
1 0.565625 0.2578125 0.04140625 0.05625
1 0.559375 0.3140625 0.04140625 0.05390625
1 0.55546875 0.37109375 0.0390625 0.05
1 0.6171875 0.2015625 0.04296875 0.059375
1 0.66484375 0.20546875 0.0453125 0.0640625
1 0.65703125 0.26640625 0.04453125 0.05625
1 0.6484375 0.3234375 0.040625 0.05390625
1 0.64375 0.378125 0.04140625 0.046875
1 0.6390625 0.43125 0.04140625 0.05234375
1 0.6953125 0.32578125 0.0421875 0.0546875
1 0.70390625 0.27109375 0.040625 0.05390625
1 0.71171875 0.209375 0.040625 0.05703125