0 0.44765625 0.465625 0.36953125 0.403125
3 0.3625 0.43203125 0.0390625 0.05546875
3 0.36328125 0.54765625 0.040625 0.05625
3 0.36171875 0.60859375 0.0421875 0.05546875
3 0.45703125 0.546875 0.03671875 0.053125
3 0.50234375 0.60234375 0.0375 0.05234375
3 0.58984375 0.5453125 0.0328125 0.04921875
3 0.590625 0.6 0.0359375 0.05078125
3 0.50078125 0.434375 0.0359375 0.0484375
2 0.3640625 0.49140625 0.040625 0.053125
2 0.31171875 0.60703125 0.04296875 0.05234375
2 0.41015625 0.60390625 0.04140625 0.05625
2 0.4578125 0.60546875 0.0453125 0.05390625
2 0.50234375 0.5484375 0.0375 0.0484375
2 0.546875 0.60234375 0.0375 0.05078125
2 0.5890625 0.4921875 0.03359375 0.04609375
1 0.3140625 0.31484375 0.04375 0.0609375
1 0.3625 0.31640625 0.04140625 0.0609375
1 0.409375 0.3203125 0.040625 0.0515625
1 0.45625 0.321875 0.040625 0.0578125
1 0.50078125 0.32578125 0.03671875 0.0515625
1 0.54609375 0.328125 0.0375 0.05390625
1 0.5875 0.3296875 0.03515625 0.04921875
1 0.3125 0.3734375 0.04140625 0.05625
1 0.36171875 0.37578125 0.040625 0.0578125
1 0.409375 0.3765625 0.04609375 0.06015625
1 0.45703125 0.3796875 0.03984375 0.05390625
2 0.5015625 0.38203125 0.04375 0.053125
1 0.54453125 0.384375 0.03984375 0.05390625
1 0.58828125 0.384375 0.0421875 0.053125
1 0.31328125 0.43046875 0.04453125 0.05703125
1 0.41015625 0.43359375 0.0421875 0.06015625
1 0.45625 0.434375 0.040625 0.0546875
1 0.54453125 0.43515625 0.0390625 0.05546875
1 0.58828125 0.4375 0.03671875 0.0546875
1 0.31171875 0.4890625 0.04140625 0.05546875
1 0.409375 0.490625 0.04140625 0.059375
1 0.45625 0.490625 0.040625 0.053125
1 0.54375 0.49140625 0.04296875 0.053125
1 0.546875 0.54765625 0.0421875 0.05234375
2 0.5 0.4875 0.04140625 0.05703125
1 0.41171875 0.54765625 0.04453125 0.05234375
1 0.31328125 0.5484375 0.04453125 0.06015625