0 0.55234375 0.51015625 0.3015625 0.27734375
2 0.47421875 0.5234375 0.03125 0.02890625
2 0.46875 0.58515625 0.0296875 0.025
2 0.4671875 0.61328125 0.02890625 0.02421875
2 0.53984375 0.5671875 0.028125 0.0265625
2 0.56796875 0.58515625 0.025 0.0234375
2 0.584375 0.49453125 0.028125 0.0328125
2 0.6375 0.53828125 0.0265625 0.02734375
2 0.63125 0.56640625 0.02265625 0.02265625
1 0.43203125 0.62421875 0.03203125 0.028125
1 0.503125 0.60234375 0.025 0.02578125
1 0.5359375 0.59453125 0.02734375 0.02734375
1 0.57265625 0.55703125 0.03125 0.03203125
1 0.57890625 0.52734375 0.0296875 0.0296875
1 0.59140625 0.4609375 0.0328125 0.0359375
1 0.64609375 0.51015625 0.0265625 0.028125
1 0.59921875 0.57734375 0.02890625 0.0265625