0 0.51953125 0.47578125 0.3125 0.3421875
2 0.4359375 0.4484375 0.03125 0.0390625
2 0.43515625 0.54140625 0.0328125 0.04296875
2 0.4375 0.5859375 0.02734375 0.03828125
2 0.51015625 0.55546875 0.0296875 0.04375
2 0.63125 0.61953125 0.0296875 0.04375
2 0.6328125 0.56953125 0.03671875 0.0421875
2 0.5515625 0.4625 0.03515625 0.0453125
2 0.5484375 0.60625 0.03515625 0.04453125
1 0.40078125 0.58359375 0.03359375 0.04375
1 0.4359375 0.49609375 0.0359375 0.04609375
1 0.4734375 0.5921875 0.03515625 0.04375
1 0.55 0.559375 0.0359375 0.0453125
1 0.51171875 0.59609375 0.03359375 0.040625
1 0.55 0.509375 0.03671875 0.04453125
1 0.5890625 0.6078125 0.04140625 0.04296875
1 0.634375 0.51953125 0.0375 0.04765625
1 0.55234375 0.41015625 0.0375 0.046875