0 0.52265625 0.4265625 0.44453125 0.4265625
1 0.58828125 0.33984375 0.0578125 0.07421875
1 0.41796875 0.48125 0.05234375 0.06875
1 0.36640625 0.61484375 0.05234375 0.05859375
1 0.4765625 0.6109375 0.05234375 0.06640625
1 0.5296875 0.60390625 0.05234375 0.0640625
1 0.58515625 0.540625 0.053125 0.06484375
1 0.5859375 0.4765625 0.05546875 0.07265625
1 0.69453125 0.46953125 0.0515625 0.06875
1 0.6359375 0.59765625 0.04609375 0.0609375
2 0.41484375 0.41328125 0.05234375 0.06796875
2 0.4171875 0.5453125 0.05234375 0.06171875
2 0.41953125 0.60703125 0.05859375 0.06015625
2 0.58671875 0.40625 0.05625 0.06484375
2 0.69296875 0.53359375 0.05390625 0.06796875
2 0.69140625 0.59921875 0.0515625 0.06171875
2 0.53046875 0.54140625 0.053125 0.05703125