0 0.4953125 0.50546875 0.4953125 0.48671875
2 0.52109375 0.4734375 0.0453125 0.03984375
2 0.43671875 0.6234375 0.03984375 0.03125
2 0.44453125 0.6984375 0.0375 0.0296875
2 0.521875 0.6578125 0.0359375 0.03125
2 0.56484375 0.63515625 0.03984375 0.03359375
2 0.58828125 0.58203125 0.040625 0.0390625
2 0.5671875 0.54765625 0.04453125 0.0375
2 0.65234375 0.58671875 0.0375 0.0359375
3 0.66640625 0.49140625 0.04375 0.04296875
3 0.409375 0.590625 0.0390625 0.0359375
3 0.46015625 0.65078125 0.03671875 0.02734375
3 0.48203125 0.67890625 0.03671875 0.021875
3 0.54375 0.60546875 0.03359375 0.03515625
3 0.6078125 0.61015625 0.03671875 0.0296875
3 0.54375 0.509375 0.04375 0.0390625
3 0.68203125 0.5265625 0.03828125 0.034375
3 0.7 0.5625 0.03671875 0.03359375
1 0.4203125 0.67578125 0.0390625 0.03125
1 0.39609375 0.6484375 0.03828125 0.0359375
1 0.3671875 0.61875 0.04375 0.03671875
1 0.3375 0.5890625 0.046875 0.0390625
1 0.30546875 0.55390625 0.0484375 0.0453125
1 0.34921875 0.525 0.05078125 0.04375
1 0.38046875 0.56015625 0.04453125 0.0375
1 0.39453125 0.4953125 0.04609375 0.05234375
1 0.42421875 0.53203125 0.04375 0.04140625
1 0.45234375 0.5671875 0.04296875 0.040625
1 0.47734375 0.5984375 0.04140625 0.03515625
1 0.50078125 0.628125 0.03515625 0.0375
1 0.44296875 0.4640625 0.04609375 0.053125
1 0.47265625 0.50390625 0.04375 0.04609375
1 0.49609375 0.5390625 0.0390625 0.04140625
1 0.521875 0.57421875 0.03671875 0.0359375
1 0.63515625 0.55546875 0.040625 0.0375
1 0.615625 0.51953125 0.03828125 0.0390625
1 0.59296875 0.48359375 0.04375 0.0453125
1 0.49296875 0.43203125 0.04765625 0.053125
1 0.54609375 0.39609375 0.04453125 0.0546875
1 0.56953125 0.4390625 0.046875 0.046875
1 0.60234375 0.35703125 0.0546875 0.0609375
1 0.62421875 0.40625 0.05 0.0546875
1 0.64453125 0.4484375 0.04609375 0.04296875