0 0.3984375 0.52890625 0.3453125 0.3828125
2 0.3125 0.50078125 0.03359375 0.046875
2 0.32265625 0.58828125 0.03359375 0.0390625
2 0.32734375 0.63046875 0.02890625 0.03359375
2 0.4015625 0.61015625 0.03671875 0.04375
2 0.4421875 0.6609375 0.0359375 0.04296875
2 0.43984375 0.53046875 0.03671875 0.053125
2 0.528125 0.64140625 0.0421875 0.04453125
2 0.528125 0.6859375 0.03828125 0.040625
1 0.2890625 0.62109375 0.034375 0.040625
1 0.31640625 0.54453125 0.0359375 0.04375
1 0.36328125 0.63828125 0.0375 0.0390625
1 0.40390625 0.6453125 0.034375 0.028125
1 0.4390625 0.47890625 0.04296875 0.0515625
1 0.44140625 0.57578125 0.03984375 0.04296875
1 0.44296875 0.61875 0.03515625 0.04765625
1 0.48515625 0.67109375 0.0390625 0.04453125
1 0.52890625 0.5953125 0.03984375 0.046875