0 0.4234375 0.47578125 0.42421875 0.534375
2 0.3171875 0.396875 0.046875 0.05859375
1 0.321875 0.45 0.04453125 0.04375
1 0.471875 0.3703125 0.04140625 0.05859375
2 0.4703125 0.42734375 0.0421875 0.05
2 0.3234375 0.4984375 0.03671875 0.04296875
1 0.28203125 0.53203125 0.03828125 0.0484375
2 0.32890625 0.54296875 0.0421875 0.0453125
1 0.37265625 0.55234375 0.0359375 0.040625
1 0.41875 0.56015625 0.03828125 0.0453125
2 0.46484375 0.5671875 0.03828125 0.0421875
1 0.51015625 0.578125 0.03828125 0.04453125
2 0.55546875 0.58671875 0.04375 0.0453125
2 0.559375 0.540625 0.0421875 0.0421875
1 0.465625 0.52265625 0.04375 0.04921875
2 0.41875 0.51328125 0.03828125 0.046875
1 0.46953125 0.47890625 0.040625 0.05078125
1 0.56796875 0.4921875 0.03984375 0.05078125