0 0.53359375 0.44921875 0.3296875 0.265625
1 0.40625 0.37109375 0.03828125 0.0421875
1 0.4515625 0.37109375 0.03828125 0.03984375
1 0.4078125 0.4171875 0.03984375 0.03828125
1 0.409375 0.45703125 0.0375 0.03828125
1 0.41171875 0.49609375 0.0375 0.03515625
1 0.41328125 0.53046875 0.03515625 0.03359375
1 0.41328125 0.5640625 0.0375 0.03515625
1 0.45234375 0.4140625 0.03828125 0.03828125
1 0.4515625 0.45625 0.0359375 0.03359375
1 0.45234375 0.49375 0.03046875 0.03125
1 0.45234375 0.528125 0.03203125 0.0296875
1 0.45234375 0.56015625 0.03203125 0.03203125
1 0.496875 0.36875 0.0359375 0.0421875
1 0.49375 0.4125 0.03828125 0.0359375
1 0.49296875 0.45234375 0.0375 0.034375
1 0.4921875 0.48984375 0.0359375 0.03828125
1 0.49140625 0.52578125 0.03984375 0.03125
1 0.48828125 0.55859375 0.03515625 0.0296875
1 0.540625 0.3640625 0.040625 0.04296875
1 0.53671875 0.41015625 0.0390625 0.040625
1 0.534375 0.4515625 0.03828125 0.03828125
1 0.53125 0.48828125 0.03671875 0.0390625
1 0.5296875 0.5234375 0.0359375 0.03515625
1 0.52734375 0.55703125 0.0375 0.03203125
1 0.584375 0.3640625 0.040625 0.04453125
1 0.57890625 0.4078125 0.0375 0.0375
1 0.57578125 0.44765625 0.0375 0.03671875
1 0.57265625 0.48515625 0.0375 0.03515625
1 0.56875 0.51953125 0.0359375 0.03125
1 0.56484375 0.553125 0.03203125 0.034375
1 0.62734375 0.359375 0.03828125 0.046875
1 0.62109375 0.40546875 0.03828125 0.040625
1 0.615625 0.4453125 0.0375 0.03828125
1 0.61171875 0.48203125 0.03828125 0.0359375
1 0.6046875 0.51796875 0.03359375 0.0328125
1 0.60078125 0.55078125 0.03125 0.0328125
1 0.6703125 0.35859375 0.0359375 0.03984375
1 0.66171875 0.403125 0.0375 0.0390625
1 0.6546875 0.44296875 0.0359375 0.0359375
1 0.64921875 0.48046875 0.03125 0.0359375
1 0.6421875 0.51484375 0.03359375 0.0359375
1 0.63671875 0.546875 0.0328125 0.03125