0 0.56015625 0.5546875 0.3265625 0.4609375
3 0.50078125 0.51328125 0.0375 0.05703125
3 0.4953125 0.62421875 0.03671875 0.04921875
3 0.49375 0.67734375 0.034375 0.0453125
3 0.5734375 0.6015625 0.03046875 0.05078125
3 0.60625 0.64140625 0.0296875 0.04609375
3 0.6703125 0.62109375 0.025 0.04296875
3 0.675 0.575 0.025 0.04453125
3 0.61640625 0.48984375 0.028125 0.05
2 0.45078125 0.6921875 0.03671875 0.0484375
2 0.53359375 0.66640625 0.03125 0.04921875
2 0.571875 0.65390625 0.0296875 0.046875
2 0.60859375 0.59296875 0.03203125 0.046875
2 0.6125 0.54296875 0.0296875 0.05
2 0.6203125 0.43671875 0.03046875 0.053125
2 0.6796875 0.52578125 0.02421875 0.04375
2 0.63984375 0.63125 0.02578125 0.04375
1 0.45859375 0.396875 0.040625 0.0609375
1 0.5046875 0.39375 0.0375 0.0609375
1 0.54765625 0.38984375 0.03359375 0.05703125
1 0.5875 0.3828125 0.03125 0.05703125
1 0.6265625 0.38046875 0.0328125 0.0546875
1 0.6609375 0.3765625 0.03359375 0.0546875
1 0.69453125 0.37421875 0.03359375 0.05390625
1 0.45703125 0.46171875 0.040625 0.0609375
1 0.50234375 0.45390625 0.0390625 0.05625
1 0.54375 0.44765625 0.03515625 0.0578125
1 0.58359375 0.44296875 0.03671875 0.05859375
1 0.6546875 0.43125 0.0328125 0.05234375
1 0.6890625 0.42734375 0.028125 0.05234375
1 0.45703125 0.521875 0.03828125 0.06015625
1 0.54140625 0.5046875 0.0375 0.05390625
1 0.58046875 0.496875 0.03671875 0.05859375
1 0.65078125 0.4828125 0.034375 0.053125
1 0.68359375 0.47734375 0.03125 0.05
1 0.45546875 0.58125 0.03828125 0.05703125
1 0.540625 0.56015625 0.03203125 0.05390625
2 0.496875 0.56875 0.03671875 0.05546875
1 0.578125 0.55234375 0.03203125 0.05
1 0.64765625 0.53359375 0.02890625 0.0453125
1 0.64375 0.5828125 0.02578125 0.04453125
1 0.453125 0.63671875 0.040625 0.05
1 0.5375 0.61328125 0.0296875 0.04609375