0 0.5109375 0.37265625 0.55859375 0.515625
2 0.29140625 0.18984375 0.0671875 0.0859375
2 0.371875 0.28125 0.05859375 0.078125
2 0.44140625 0.2890625 0.0609375 0.0796875
2 0.51171875 0.290625 0.06171875 0.08046875
2 0.65546875 0.30234375 0.06328125 0.07734375
2 0.5828125 0.29609375 0.06328125 0.08125
2 0.72109375 0.30078125 0.059375 0.0796875
2 0.64140625 0.37890625 0.05546875 0.0734375
2 0.70703125 0.37734375 0.05546875 0.0765625
2 0.30625 0.4328125 0.06171875 0.06953125
2 0.3765625 0.4359375 0.059375 0.071875
2 0.43984375 0.43671875 0.05234375 0.06875
2 0.50390625 0.440625 0.05703125 0.06796875
2 0.63359375 0.4484375 0.05390625 0.0671875
2 0.440625 0.50546875 0.0546875 0.06484375
2 0.50234375 0.50625 0.0546875 0.0640625
2 0.5625 0.51015625 0.05390625 0.065625
2 0.62578125 0.51328125 0.05859375 0.071875
2 0.68828125 0.5171875 0.0515625 0.06328125
2 0.55859375 0.571875 0.05625 0.0578125
2 0.62109375 0.5796875 0.0546875 0.06484375
3 0.36875 0.190625 0.06484375 0.08671875
3 0.44140625 0.19765625 0.06484375 0.08515625
3 0.51640625 0.2 0.065625 0.09375
3 0.5890625 0.20546875 0.059375 0.08984375
3 0.6609375 0.209375 0.06484375 0.09765625
3 0.7328125 0.209375 0.06171875 0.09609375
3 0.2984375 0.27421875 0.06640625 0.0796875
3 0.29921875 0.3515625 0.06875 0.0796875
3 0.37265625 0.359375 0.0609375 0.06640625
3 0.440625 0.3625 0.05703125 0.07421875
3 0.50625 0.365625 0.05390625 0.0828125
3 0.575 0.36640625 0.05390625 0.07578125
3 0.5703125 0.446875 0.05703125 0.0640625
3 0.696875 0.44609375 0.053125 0.07578125
3 0.31171875 0.49765625 0.06015625 0.06328125
3 0.37734375 0.5 0.05859375 0.0703125
3 0.31796875 0.5609375 0.05078125 0.059375
3 0.37890625 0.5625 0.0515625 0.07734375
3 0.440625 0.5671875 0.05703125 0.06640625
3 0.49921875 0.5640625 0.05078125 0.06953125
3 0.68046875 0.578125 0.0515625 0.06328125