0 0.55234375 0.51015625 0.3015625 0.27734375
3 0.47421875 0.5234375 0.03125 0.02890625
3 0.46875 0.58515625 0.0296875 0.025
3 0.4671875 0.61328125 0.02890625 0.02421875
3 0.53984375 0.5671875 0.028125 0.0265625
3 0.56796875 0.58515625 0.025 0.0234375
3 0.584375 0.49453125 0.028125 0.0328125
3 0.6375 0.53828125 0.0265625 0.02734375
3 0.63125 0.56640625 0.02265625 0.02265625
2 0.43203125 0.62421875 0.03203125 0.028125
2 0.503125 0.60234375 0.025 0.02578125
2 0.5359375 0.59453125 0.02734375 0.02734375
2 0.57265625 0.55703125 0.03125 0.03203125
2 0.57890625 0.52734375 0.0296875 0.0296875
2 0.59140625 0.4609375 0.0328125 0.0359375
2 0.64609375 0.51015625 0.0265625 0.028125
2 0.59921875 0.57734375 0.02890625 0.0265625
1 0.43828125 0.459375 0.03203125 0.03984375
1 0.4375 0.49765625 0.0328125 0.034375
1 0.43515625 0.53046875 0.02890625 0.03359375
1 0.434375 0.5640625 0.02734375 0.0265625
1 0.43359375 0.59296875 0.02578125 0.034375
1 0.47890625 0.44921875 0.02890625 0.0390625
1 0.4765625 0.48671875 0.028125 0.0328125
1 0.5203125 0.4390625 0.0265625 0.03515625
1 0.515625 0.478125 0.03046875 0.03359375
1 0.51328125 0.51171875 0.0265625 0.03203125
1 0.5078125 0.54296875 0.028125 0.0328125
1 0.50546875 0.5765625 0.028125 0.03125
1 0.559375 0.43203125 0.0265625 0.0328125
1 0.55390625 0.46875 0.03046875 0.034375
1 0.546875 0.50078125 0.03203125 0.03359375
1 0.54375 0.53671875 0.028125 0.0359375
1 0.59609375 0.42109375 0.03046875 0.03984375
1 0.63359375 0.41484375 0.028125 0.0390625
1 0.6734375 0.40703125 0.0328125 0.040625
1 0.6265625 0.45078125 0.02734375 0.0328125
1 0.61875 0.48515625 0.02734375 0.03203125
1 0.61171875 0.51796875 0.02890625 0.03671875
1 0.6046875 0.546875 0.02578125 0.03203125
1 0.6609375 0.44453125 0.02734375 0.03671875
1 0.65078125 0.47734375 0.02421875 0.03671875