0 0.48515625 0.5328125 0.325 0.41015625
3 0.425 0.53359375 0.040625 0.05390625
3 0.4265625 0.63671875 0.03671875 0.05078125
3 0.42734375 0.68984375 0.0359375 0.04375
3 0.5109375 0.60859375 0.03515625 0.046875
3 0.54765625 0.6421875 0.02734375 0.0421875
3 0.54921875 0.49609375 0.03203125 0.04609375
3 0.61953125 0.57109375 0.0265625 0.040625
3 0.6171875 0.61640625 0.03046875 0.04296875
2 0.425 0.58671875 0.03671875 0.0515625
2 0.3828125 0.70703125 0.04296875 0.0484375
2 0.46796875 0.67265625 0.03671875 0.05078125
2 0.51015625 0.65859375 0.03359375 0.05234375
2 0.54921875 0.546875 0.0328125 0.04609375
2 0.55234375 0.4453125 0.0296875 0.053125
2 0.54609375 0.59453125 0.0296875 0.04453125
2 0.58359375 0.62890625 0.02734375 0.04296875
2 0.6203125 0.525 0.028125 0.05078125
1 0.37109375 0.428125 0.04609375 0.05859375
1 0.371875 0.48671875 0.0453125 0.05625
1 0.375 0.5453125 0.04765625 0.053125
1 0.378125 0.6015625 0.040625 0.04453125
1 0.3796875 0.6546875 0.04296875 0.05
1 0.4203125 0.4171875 0.04453125 0.059375
1 0.42109375 0.47578125 0.0421875 0.0515625
1 0.4671875 0.40703125 0.03828125 0.05859375
1 0.46796875 0.46640625 0.0390625 0.0484375
1 0.46953125 0.52109375 0.03828125 0.05234375
1 0.46875 0.571875 0.03515625 0.04140625
1 0.46953125 0.6234375 0.03671875 0.04921875
1 0.5109375 0.56015625 0.03359375 0.04609375
1 0.509375 0.50859375 0.03515625 0.05
1 0.51171875 0.4546875 0.034375 0.0484375
1 0.5109375 0.4 0.03515625 0.05390625
1 0.55234375 0.3890625 0.0328125 0.053125
1 0.59296875 0.38125 0.0328125 0.0515625
1 0.58984375 0.4375 0.034375 0.046875
1 0.58828125 0.48828125 0.03359375 0.04609375
1 0.5859375 0.53671875 0.0328125 0.046875
1 0.584375 0.5828125 0.0265625 0.0390625
1 0.62421875 0.4765625 0.0296875 0.0453125
1 0.62734375 0.428125 0.03046875 0.05
1 0.62890625 0.37265625 0.03046875 0.05078125