0 0.44921875 0.440625 0.4546875 0.60859375
1 0.27890625 0.44375 0.04296875 0.059375
1 0.32109375 0.403125 0.04296875 0.0609375
1 0.4 0.31875 0.03984375 0.05859375
1 0.36015625 0.35703125 0.0390625 0.05859375
1 0.4375 0.27734375 0.0390625 0.059375
1 0.51328125 0.1953125 0.03828125 0.05859375
1 0.47578125 0.2375 0.0390625 0.05625
1 0.5390625 0.24375 0.0375 0.05625
1 0.5046875 0.2828125 0.03671875 0.0578125
1 0.5296875 0.33203125 0.04140625 0.053125
1 0.56640625 0.29453125 0.03828125 0.05078125
1 0.4296875 0.365625 0.03984375 0.053125
1 0.3921875 0.40625 0.0390625 0.05390625
1 0.3515625 0.44921875 0.04453125 0.0609375
1 0.309375 0.49140625 0.03828125 0.053125
1 0.34375 0.53984375 0.0421875 0.04921875
1 0.37265625 0.5859375 0.04375 0.05625
1 0.40078125 0.63046875 0.03671875 0.05078125
1 0.45625 0.41484375 0.04140625 0.05625
1 0.484375 0.4578125 0.0421875 0.05234375
1 0.446875 0.496875 0.0390625 0.05546875
1 0.41953125 0.45390625 0.04375 0.05859375
1 0.47421875 0.54609375 0.04140625 0.059375
1 0.55625 0.378125 0.0375 0.06015625
1 0.58125 0.421875 0.0421875 0.0578125
2 0.4671875 0.32734375 0.03671875 0.059375
2 0.51953125 0.42265625 0.0375 0.0578125
2 0.5921875 0.34140625 0.0359375 0.05546875
2 0.60625 0.4703125 0.0359375 0.05625
2 0.5484375 0.46640625 0.04296875 0.05703125
2 0.53828125 0.54765625 0.04453125 0.06015625
2 0.50234375 0.58828125 0.03671875 0.06328125
2 0.4109375 0.540625 0.04375 0.0609375
2 0.42734375 0.675 0.0390625 0.0515625
3 0.38203125 0.4953125 0.04765625 0.06015625
3 0.440625 0.58671875 0.040625 0.0546875
3 0.465625 0.63359375 0.04375 0.0546875
3 0.5078125 0.49765625 0.03671875 0.0578125
3 0.49453125 0.3734375 0.04453125 0.0515625
3 0.57265625 0.50390625 0.03828125 0.05078125
3 0.61328125 0.384375 0.04140625 0.05703125
3 0.64140625 0.43359375 0.0484375 0.04921875