0 0.59453125 0.54296875 0.38046875 0.28125
1 0.44296875 0.45859375 0.0421875 0.04765625
1 0.44921875 0.5015625 0.040625 0.04453125
1 0.45390625 0.54140625 0.040625 0.03984375
1 0.45859375 0.5796875 0.03984375 0.03671875
1 0.46015625 0.6140625 0.040625 0.034375
1 0.46484375 0.64921875 0.0359375 0.0328125
1 0.49296875 0.45546875 0.0421875 0.04609375
1 0.49609375 0.5015625 0.04140625 0.03984375
1 0.49921875 0.54375 0.0421875 0.040625
1 0.5015625 0.5796875 0.03828125 0.0359375
1 0.50390625 0.61328125 0.0375 0.03515625
1 0.50546875 0.65078125 0.03671875 0.0375
1 0.54296875 0.45703125 0.0421875 0.04609375
1 0.5421875 0.5015625 0.04375 0.040625
1 0.54453125 0.5421875 0.04296875 0.0375
1 0.54609375 0.58046875 0.03984375 0.0390625
1 0.54609375 0.6171875 0.03515625 0.03046875
1 0.546875 0.6484375 0.03359375 0.0328125
1 0.5921875 0.45546875 0.0421875 0.04765625
1 0.590625 0.50078125 0.04453125 0.04140625
1 0.59140625 0.54296875 0.03984375 0.03828125
1 0.58984375 0.5828125 0.03828125 0.0390625
1 0.58984375 0.61796875 0.03984375 0.0375
1 0.58828125 0.6515625 0.0390625 0.0328125
1 0.64375 0.45546875 0.04453125 0.04765625
1 0.64140625 0.50078125 0.04140625 0.04453125
1 0.6390625 0.54375 0.04296875 0.0375
1 0.6359375 0.58359375 0.03984375 0.03984375
1 0.63359375 0.61875 0.03984375 0.03359375
1 0.6328125 0.65234375 0.0359375 0.034375
1 0.69609375 0.45546875 0.046875 0.0484375
1 0.69140625 0.5015625 0.04296875 0.0421875
1 0.68828125 0.54375 0.04140625 0.03984375
1 0.6828125 0.58203125 0.04375 0.0375
1 0.67890625 0.6203125 0.0390625 0.0375
1 0.67578125 0.65390625 0.0359375 0.0328125
1 0.74921875 0.4546875 0.04765625 0.04609375
1 0.74140625 0.50078125 0.04375 0.04296875
1 0.7359375 0.54453125 0.0421875 0.04140625
1 0.7296875 0.58359375 0.04140625 0.03828125
1 0.72421875 0.61953125 0.04140625 0.03515625
1 0.71953125 0.6546875 0.0390625 0.0375