0 0.553125 0.3265625 0.55546875 0.53984375
1 0.32421875 0.15703125 0.05859375 0.08203125
1 0.3328125 0.24296875 0.06328125 0.075
1 0.34140625 0.31875 0.059375 0.07421875
1 0.3515625 0.39765625 0.0546875 0.06953125
1 0.35625 0.4640625 0.05703125 0.0609375
1 0.3671875 0.53515625 0.0546875 0.06171875
1 0.42265625 0.53359375 0.05078125 0.06171875
1 0.4171875 0.47109375 0.053125 0.06796875
1 0.409375 0.396875 0.0546875 0.071875
1 0.4046875 0.32421875 0.05703125 0.07890625
1 0.39609375 0.24296875 0.0546875 0.08515625
1 0.39296875 0.1546875 0.05625 0.08984375
1 0.46015625 0.14921875 0.06171875 0.08671875
1 0.465625 0.2375 0.0625 0.090625
1 0.46875 0.321875 0.0640625 0.078125
1 0.47265625 0.3984375 0.059375 0.07578125
1 0.48125 0.4703125 0.0609375 0.07265625
1 0.48203125 0.53515625 0.05625 0.0703125
1 0.5296875 0.14765625 0.0625 0.0859375
1 0.53125 0.23828125 0.0625 0.0859375
1 0.53046875 0.32265625 0.05703125 0.0765625
1 0.53671875 0.396875 0.05546875 0.0625
1 0.5390625 0.465625 0.0484375 0.06328125
1 0.5375 0.5375 0.05078125 0.06953125
1 0.59921875 0.5359375 0.05234375 0.0703125
1 0.6015625 0.47265625 0.0484375 0.084375
1 0.6671875 0.4734375 0.06171875 0.0734375
1 0.73203125 0.47109375 0.0671875 0.07890625
1 0.66171875 0.540625 0.0609375 0.065625
1 0.73125 0.5453125 0.05625 0.078125
1 0.6 0.40078125 0.06796875 0.0734375
1 0.66875 0.39375 0.0578125 0.0765625
1 0.7328125 0.39296875 0.0484375 0.06796875
1 0.60234375 0.31953125 0.06484375 0.0828125
1 0.6703125 0.315625 0.0671875 0.078125
1 0.7421875 0.31484375 0.0625 0.0796875
1 0.60390625 0.23515625 0.065625 0.08515625
1 0.67421875 0.23046875 0.065625 0.09375
1 0.75 0.2328125 0.071875 0.09140625
1 0.60234375 0.1421875 0.06171875 0.0984375
1 0.6765625 0.13828125 0.06796875 0.10390625
1 0.753125 0.13125 0.06484375 0.10703125