0 0.53671875 0.51875 0.37109375 0.45859375
1 0.39609375 0.428125 0.04296875 0.05546875
1 0.40234375 0.49140625 0.04609375 0.053125
1 0.4109375 0.546875 0.04375 0.05390625
1 0.41640625 0.59921875 0.04296875 0.0484375
1 0.42421875 0.64765625 0.04296875 0.0515625
1 0.43203125 0.7 0.03828125 0.053125
1 0.4484375 0.4140625 0.04609375 0.06171875
1 0.4546875 0.4734375 0.04453125 0.05546875
1 0.46171875 0.5296875 0.04375 0.053125
1 0.46484375 0.5828125 0.04296875 0.0515625
1 0.4703125 0.63359375 0.040625 0.04453125
1 0.4765625 0.67890625 0.04140625 0.0453125
1 0.5 0.40078125 0.0421875 0.05859375
1 0.5046875 0.46171875 0.04140625 0.059375
1 0.5078125 0.51640625 0.03671875 0.053125
1 0.5125 0.56640625 0.04140625 0.04921875
1 0.51796875 0.61484375 0.040625 0.0421875
1 0.5203125 0.66328125 0.0375 0.04765625
1 0.54921875 0.38671875 0.04453125 0.05703125
1 0.5515625 0.4453125 0.04140625 0.053125
1 0.5546875 0.49921875 0.04296875 0.0515625
1 0.55859375 0.55234375 0.0453125 0.05
1 0.56171875 0.6 0.0375 0.04765625
1 0.5609375 0.64609375 0.040625 0.04609375
1 0.5984375 0.37265625 0.0375 0.05546875
1 0.5984375 0.43125 0.03984375 0.05234375
1 0.59921875 0.4828125 0.03359375 0.05078125
1 0.60234375 0.53671875 0.03203125 0.05
1 0.603125 0.5859375 0.03359375 0.0421875
1 0.60546875 0.63203125 0.03984375 0.04453125
1 0.64375 0.35859375 0.04140625 0.0578125
1 0.64375 0.415625 0.040625 0.0546875
1 0.64375 0.46953125 0.04453125 0.05078125
1 0.64609375 0.521875 0.03359375 0.05078125
1 0.64609375 0.5703125 0.0375 0.04609375
1 0.6453125 0.61640625 0.03671875 0.04609375
1 0.68984375 0.34453125 0.03984375 0.06171875
1 0.6890625 0.40234375 0.040625 0.05234375
1 0.68828125 0.45625 0.03671875 0.05
1 0.68828125 0.50703125 0.03671875 0.0484375
1 0.68671875 0.5546875 0.03671875 0.04453125
1 0.68671875 0.6 0.03046875 0.0390625