0 0.51953125 0.47578125 0.3125 0.3421875
3 0.4359375 0.4484375 0.03125 0.0390625
3 0.43515625 0.54140625 0.0328125 0.04296875
3 0.4375 0.5859375 0.02734375 0.03828125
3 0.51015625 0.55546875 0.0296875 0.04375
3 0.63125 0.61953125 0.0296875 0.04375
3 0.6328125 0.56953125 0.03671875 0.0421875
3 0.5515625 0.4625 0.03515625 0.0453125
3 0.5484375 0.60625 0.03515625 0.04453125
2 0.40078125 0.58359375 0.03359375 0.04375
2 0.4359375 0.49609375 0.0359375 0.04609375
2 0.4734375 0.5921875 0.03515625 0.04375
2 0.55 0.559375 0.0359375 0.0453125
2 0.51171875 0.59609375 0.03359375 0.040625
2 0.55 0.509375 0.03671875 0.04453125
2 0.5890625 0.6078125 0.04140625 0.04296875
2 0.634375 0.51953125 0.0375 0.04765625
2 0.55234375 0.41015625 0.0375 0.046875
1 0.39453125 0.34921875 0.0328125 0.04609375
1 0.4328125 0.35234375 0.03359375 0.05234375
1 0.47109375 0.35546875 0.03515625 0.0484375
1 0.51171875 0.35703125 0.0359375 0.05625
1 0.553125 0.35703125 0.0390625 0.05234375
1 0.59609375 0.36015625 0.03984375 0.05625
1 0.6421875 0.3640625 0.03828125 0.05234375
1 0.59609375 0.41640625 0.0390625 0.04921875
1 0.63671875 0.415625 0.03671875 0.05546875
1 0.5125 0.409375 0.0375 0.04765625
1 0.46953125 0.40390625 0.03515625 0.04453125
1 0.434375 0.4015625 0.0328125 0.046875
1 0.39765625 0.39921875 0.0328125 0.05
1 0.39765625 0.4453125 0.0359375 0.0515625
1 0.3984375 0.49296875 0.03671875 0.0453125
1 0.4 0.5375 0.0328125 0.04765625
1 0.471875 0.45390625 0.0359375 0.05078125
1 0.47265625 0.49921875 0.0375 0.0484375
1 0.471875 0.546875 0.03671875 0.04453125
1 0.5109375 0.45703125 0.03671875 0.0484375
1 0.51015625 0.50546875 0.0375 0.0515625
1 0.5921875 0.46484375 0.0421875 0.05234375
1 0.63515625 0.465625 0.04296875 0.05546875
1 0.590625 0.51328125 0.03828125 0.0484375
1 0.590625 0.559375 0.04140625 0.04765625