0 0.4875 0.44765625 0.39453125 0.63359375
1 0.34609375 0.46484375 0.05234375 0.06953125
1 0.37421875 0.5234375 0.05 0.06328125
1 0.40546875 0.5734375 0.0421875 0.0640625
1 0.43203125 0.621875 0.040625 0.06328125
1 0.4609375 0.66953125 0.0359375 0.0578125
1 0.484375 0.71328125 0.0390625 0.0609375
1 0.38671875 0.4125 0.04296875 0.0703125
1 0.41640625 0.4703125 0.03984375 0.06484375
1 0.44296875 0.52265625 0.03984375 0.06171875
1 0.4671875 0.5671875 0.0375 0.05703125
1 0.49375 0.61015625 0.03671875 0.0625
1 0.51796875 0.6546875 0.025 0.05
1 0.42578125 0.3625 0.0421875 0.06640625
1 0.45390625 0.42109375 0.0359375 0.06328125
1 0.47890625 0.471875 0.03359375 0.05625
1 0.50390625 0.51953125 0.0328125 0.06328125
1 0.52578125 0.56328125 0.03515625 0.0515625
1 0.54609375 0.60078125 0.03125 0.0484375
1 0.46328125 0.3140625 0.040625 0.078125
1 0.48828125 0.37890625 0.0375 0.0640625
1 0.51328125 0.42578125 0.03203125 0.06484375
1 0.5359375 0.47421875 0.0296875 0.06171875
1 0.5578125 0.51875 0.02734375 0.0546875
1 0.5765625 0.559375 0.03046875 0.05859375
1 0.4984375 0.271875 0.0359375 0.07109375
1 0.52734375 0.23125 0.0328125 0.06953125
1 0.559375 0.19453125 0.03359375 0.06640625
1 0.54296875 0.3796875 0.03359375 0.05859375
1 0.52734375 0.33359375 0.0359375 0.05703125
1 0.5546875 0.28828125 0.03515625 0.06953125
1 0.5828125 0.24765625 0.0328125 0.0703125
1 0.59921875 0.29921875 0.03515625 0.05390625
1 0.57578125 0.3390625 0.0328125 0.0546875
1 0.61953125 0.3453125 0.03203125 0.05234375
1 0.59453125 0.3859375 0.0375 0.053125
1 0.565625 0.425 0.03125 0.053125
1 0.584375 0.47265625 0.03671875 0.05
1 0.6125 0.42890625 0.02890625 0.06484375
1 0.6359375 0.39296875 0.0296875 0.0578125
1 0.6578125 0.43515625 0.03203125 0.040625
1 0.63125 0.47890625 0.02578125 0.05546875
1 0.60703125 0.5203125 0.03125 0.05703125