0 0.45 0.2390625 0.4109375 0.43125
2 0.3484375 0.21015625 0.04765625 0.059375
2 0.34921875 0.34453125 0.0421875 0.0578125
2 0.35078125 0.4078125 0.046875 0.0546875
2 0.45546875 0.34296875 0.0421875 0.05859375
2 0.509375 0.40703125 0.04140625 0.05390625
2 0.50859375 0.215625 0.04375 0.0625
2 0.6125 0.3453125 0.04375 0.05703125
2 0.61171875 0.40703125 0.04140625 0.05234375
1 0.34765625 0.275 0.04765625 0.05703125
1 0.29453125 0.40859375 0.04765625 0.06015625
1 0.4046875 0.40625 0.05 0.05703125
1 0.4578125 0.41171875 0.04296875 0.05625
1 0.509375 0.3453125 0.0484375 0.0640625
1 0.5609375 0.409375 0.04375 0.0578125
1 0.509375 0.2828125 0.05078125 0.059375
1 0.61328125 0.28046875 0.04609375 0.059375
1 0.5078125 0.14609375 0.0421875 0.06328125