0 0.43359375 0.49765625 0.46171875 0.39296875
2 0.32734375 0.484375 0.04609375 0.05234375
2 0.346875 0.5828125 0.04296875 0.04453125
2 0.3546875 0.62890625 0.040625 0.0421875
2 0.44609375 0.590625 0.0421875 0.0421875
2 0.50078125 0.63984375 0.0421875 0.04375
2 0.60390625 0.65 0.04609375 0.05
2 0.60625 0.6046875 0.0453125 0.04453125
2 0.4921875 0.49453125 0.0453125 0.05
1 0.309375 0.621875 0.03984375 0.03984375
1 0.40390625 0.63203125 0.0375 0.0453125
1 0.4515625 0.6359375 0.04296875 0.0421875
1 0.49921875 0.5953125 0.04453125 0.0484375
1 0.49609375 0.5453125 0.04453125 0.0453125
1 0.60703125 0.55234375 0.04921875 0.05078125
1 0.48828125 0.4359375 0.0515625 0.05625
1 0.55234375 0.646875 0.04453125 0.04296875