0 0.46328125 0.275 0.37265625 0.46640625
3 0.38984375 0.26171875 0.04296875 0.06953125
3 0.3984375 0.39921875 0.04453125 0.06953125
3 0.40234375 0.46953125 0.04296875 0.0578125
3 0.49296875 0.39453125 0.0390625 0.0671875
3 0.5359375 0.45 0.03125 0.05234375
3 0.5328125 0.265625 0.02890625 0.06328125
3 0.61171875 0.384375 0.03125 0.05703125
3 0.61328125 0.44296875 0.02890625 0.04765625
2 0.34765625 0.47265625 0.04375 0.06953125
2 0.3953125 0.32890625 0.04765625 0.06328125
2 0.45 0.46015625 0.0421875 0.06015625
2 0.496875 0.4546875 0.03671875 0.05625
2 0.53515625 0.39140625 0.03515625 0.05390625
2 0.53515625 0.33046875 0.0390625 0.06015625
2 0.53046875 0.203125 0.03046875 0.0609375
2 0.61171875 0.32578125 0.03203125 0.0546875
2 0.57734375 0.4453125 0.0375 0.0546875
1 0.328125 0.10703125 0.0515625 0.07265625
1 0.33203125 0.18203125 0.0484375 0.065625
1 0.3359375 0.25703125 0.05390625 0.06484375
1 0.34140625 0.3296875 0.0515625 0.06640625
1 0.34375 0.403125 0.05234375 0.06796875
1 0.38359375 0.1140625 0.0484375 0.06875
1 0.3875 0.1890625 0.04609375 0.06875
1 0.4359375 0.12109375 0.04453125 0.06640625
1 0.43984375 0.19296875 0.0453125 0.0671875
1 0.44140625 0.26015625 0.04296875 0.05390625
1 0.446875 0.3296875 0.04453125 0.05859375
1 0.44921875 0.3953125 0.04453125 0.06328125
1 0.490625 0.32890625 0.03671875 0.0578125
1 0.4890625 0.2640625 0.04140625 0.06640625
1 0.48671875 0.19765625 0.040625 0.0640625
1 0.48125 0.1296875 0.03984375 0.06796875
1 0.525 0.134375 0.03984375 0.0671875
1 0.56640625 0.14140625 0.03671875 0.0609375
1 0.56875 0.20625 0.03203125 0.06015625
1 0.57265625 0.265625 0.0390625 0.06015625
1 0.575 0.3296875 0.03828125 0.05625
1 0.575 0.38671875 0.0359375 0.05703125
1 0.60859375 0.26796875 0.0375 0.05390625
1 0.6078125 0.2078125 0.03515625 0.0609375
1 0.60625 0.14921875 0.03984375 0.0625