0 0.578125 0.46171875 0.58515625 0.61171875
3 0.4546875 0.43203125 0.0515625 0.0609375
3 0.41328125 0.55 0.05 0.05703125
3 0.39296875 0.60390625 0.046875 0.0546875
3 0.525 0.6046875 0.04765625 0.053125
3 0.55234375 0.678125 0.046875 0.05234375
3 0.6296875 0.52421875 0.05234375 0.059375
3 0.678125 0.67890625 0.0421875 0.046875
3 0.65078125 0.72578125 0.040625 0.046875
2 0.3359375 0.57578125 0.0515625 0.05625
2 0.4328125 0.49296875 0.0515625 0.05859375
2 0.446875 0.628125 0.04765625 0.0515625
2 0.50078125 0.65390625 0.04765625 0.05390625
2 0.66015625 0.4640625 0.0546875 0.06953125
2 0.60234375 0.5796875 0.05 0.05625
2 0.5765625 0.63125 0.0484375 0.0515625
2 0.60234375 0.7 0.04765625 0.04921875
2 0.70703125 0.63125 0.0484375 0.0515625
1 0.43671875 0.24921875 0.05859375 0.078125
1 0.415625 0.328125 0.0671875 0.0734375
1 0.39296875 0.4 0.06015625 0.0703125
1 0.37265625 0.4640625 0.0546875 0.0640625
1 0.35234375 0.521875 0.053125 0.0609375
1 0.47734375 0.365625 0.06015625 0.07734375
1 0.50546875 0.290625 0.06015625 0.08125
1 0.57109375 0.3265625 0.06328125 0.08203125
1 0.54140625 0.4 0.06484375 0.07421875
1 0.51484375 0.4640625 0.0546875 0.06953125
1 0.48984375 0.52265625 0.05 0.05703125
1 0.46640625 0.575 0.0515625 0.059375
1 0.54765625 0.5515625 0.053125 0.06171875
1 0.57421875 0.49296875 0.05546875 0.06171875
1 0.6015625 0.43046875 0.05859375 0.06484375
1 0.63203125 0.36640625 0.06015625 0.07578125
1 0.6921875 0.39609375 0.05625 0.06875
1 0.7515625 0.43125 0.059375 0.07734375
1 0.71640625 0.49296875 0.05703125 0.06796875
1 0.684375 0.55234375 0.05859375 0.06015625
1 0.65390625 0.603125 0.0546875 0.0546875
1 0.62578125 0.6546875 0.05078125 0.0578125
1 0.7375 0.58046875 0.05390625 0.06328125
1 0.76875 0.5203125 0.05078125 0.06640625
1 0.80546875 0.4625 0.0546875 0.06640625