0 0.52421875 0.56953125 0.47734375 0.51640625
1 0.32890625 0.375 0.05234375 0.071875
1 0.33671875 0.44375 0.04921875 0.06640625
1 0.34453125 0.5078125 0.046875 0.06171875
1 0.353125 0.56796875 0.04453125 0.05859375
1 0.35859375 0.6234375 0.04375 0.05703125
1 0.365625 0.6765625 0.04375 0.05546875
1 0.38359375 0.38203125 0.05 0.071875
1 0.38828125 0.45234375 0.0484375 0.06484375
1 0.39609375 0.5140625 0.0484375 0.06484375
1 0.40234375 0.578125 0.04375 0.05859375
1 0.40703125 0.6359375 0.0453125 0.06015625
1 0.4140625 0.68984375 0.04453125 0.05859375
1 0.4375 0.38828125 0.0515625 0.07734375
1 0.44453125 0.45859375 0.05234375 0.0671875
1 0.45 0.52734375 0.04609375 0.0640625
1 0.45390625 0.58984375 0.04765625 0.0609375
1 0.45703125 0.64765625 0.04453125 0.06015625
1 0.46171875 0.70234375 0.04609375 0.0578125
1 0.49921875 0.39609375 0.0546875 0.07578125
1 0.50234375 0.46875 0.053125 0.0671875
1 0.5046875 0.5375 0.05390625 0.06953125
1 0.5078125 0.60078125 0.0484375 0.06484375
1 0.5109375 0.6609375 0.05 0.06328125
1 0.5125 0.71796875 0.04765625 0.0609375
1 0.5625 0.4015625 0.0578125 0.0828125
1 0.56328125 0.47734375 0.06015625 0.07421875
1 0.56328125 0.546875 0.0578125 0.07109375
1 0.56640625 0.6125 0.0578125 0.06640625
1 0.565625 0.675 0.0546875 0.0625
1 0.56640625 0.73203125 0.053125 0.06484375
1 0.63046875 0.40859375 0.0703125 0.08359375
1 0.6296875 0.48515625 0.0578125 0.0765625
1 0.62734375 0.55859375 0.05859375 0.06640625
1 0.6265625 0.62734375 0.05546875 0.06171875
1 0.625 0.6890625 0.0546875 0.06328125
1 0.625 0.75078125 0.0546875 0.059375
1 0.70234375 0.41484375 0.06875 0.08359375
1 0.6984375 0.49453125 0.07265625 0.07578125
1 0.69765625 0.57109375 0.065625 0.0734375
1 0.69140625 0.640625 0.06171875 0.065625
1 0.6890625 0.70390625 0.0640625 0.0625
1 0.68515625 0.765625 0.0546875 0.059375