0 0.51796875 0.51484375 0.43984375 0.32734375
2 0.390625 0.65078125 0.0390625 0.03671875
2 0.4265625 0.56484375 0.0421875 0.04453125
2 0.4828125 0.646875 0.03984375 0.04296875
2 0.5296875 0.64609375 0.040625 0.03671875
2 0.5765625 0.6015625 0.04140625 0.0375
2 0.57734375 0.5609375 0.04140625 0.040625
2 0.578125 0.46015625 0.04375 0.05390625
2 0.6828125 0.55625 0.04765625 0.046875
2 0.62421875 0.6453125 0.040625 0.0375
3 0.41953125 0.51640625 0.04765625 0.04609375
3 0.43046875 0.60703125 0.04296875 0.03984375
3 0.528125 0.603125 0.03984375 0.03671875
3 0.5765625 0.64453125 0.04140625 0.0390625
3 0.57734375 0.51171875 0.046875 0.0453125
3 0.67734375 0.60234375 0.04375 0.0390625
3 0.6734375 0.6453125 0.0390625 0.03359375
1 0.34765625 0.41015625 0.053125 0.05546875
1 0.35859375 0.4671875 0.0484375 0.053125
1 0.36953125 0.5171875 0.05390625 0.05
1 0.37421875 0.56328125 0.04453125 0.04453125
1 0.38203125 0.6078125 0.04140625 0.04296875
1 0.4109375 0.46640625 0.0484375 0.05234375
1 0.40390625 0.409375 0.0515625 0.05625
1 0.46171875 0.4078125 0.05390625 0.06015625
1 0.46796875 0.4640625 0.04765625 0.05390625
1 0.4703125 0.51484375 0.0484375 0.0515625
1 0.4765625 0.5625 0.04296875 0.0484375
1 0.4796875 0.60703125 0.040625 0.0421875
1 0.52109375 0.4078125 0.05 0.05859375
1 0.52265625 0.46328125 0.0484375 0.0546875
1 0.525 0.51328125 0.04375 0.04921875
1 0.52421875 0.56015625 0.04609375 0.05078125
1 0.578125 0.40390625 0.05234375 0.05703125
1 0.63671875 0.40078125 0.05546875 0.06171875
1 0.6359375 0.4578125 0.04921875 0.05390625
1 0.63203125 0.50859375 0.04765625 0.05234375
1 0.6296875 0.55859375 0.0390625 0.04453125
1 0.69765625 0.3984375 0.05078125 0.0671875
1 0.690625 0.4546875 0.0453125 0.05234375
1 0.68828125 0.50546875 0.04296875 0.0453125
1 0.62734375 0.6 0.046875 0.04140625