0 0.49453125 0.5203125 0.490625 0.46875
1 0.30546875 0.39453125 0.06171875 0.06796875
1 0.3796875 0.4625 0.05859375 0.071875
1 0.44453125 0.4546875 0.05625 0.071875
1 0.50703125 0.44609375 0.05703125 0.07109375
1 0.56875 0.4390625 0.0515625 0.06796875
1 0.628125 0.43046875 0.05078125 0.06484375
1 0.68671875 0.42421875 0.05 0.0671875
1 0.32578125 0.6015625 0.05859375 0.05859375
1 0.3875 0.59140625 0.05390625 0.06171875
1 0.44921875 0.5828125 0.053125 0.06015625
1 0.50625 0.57421875 0.0484375 0.05703125
1 0.62421875 0.4984375 0.0484375 0.06328125
1 0.6796875 0.49296875 0.04765625 0.0671875
1 0.61796875 0.55625 0.0484375 0.0546875
1 0.4515625 0.63984375 0.05 0.05703125
1 0.50703125 0.63046875 0.05078125 0.05703125
1 0.56171875 0.6234375 0.04765625 0.0609375
1 0.61640625 0.6140625 0.0515625 0.05859375
1 0.6671875 0.60390625 0.05234375 0.06171875
1 0.55859375 0.6765625 0.0484375 0.0546875
1 0.61171875 0.665625 0.0484375 0.05859375
2 0.375 0.38671875 0.06328125 0.07265625
2 0.44296875 0.384375 0.06015625 0.0703125
2 0.5078125 0.37421875 0.06328125 0.07734375
2 0.57109375 0.36875 0.05234375 0.06953125
2 0.63125 0.3578125 0.05078125 0.08046875
2 0.690625 0.34921875 0.04609375 0.071875
2 0.3140625 0.46640625 0.06484375 0.0703125
2 0.3203125 0.5359375 0.06015625 0.0578125
2 0.3828125 0.525 0.053125 0.0546875
2 0.44609375 0.51953125 0.05234375 0.06953125
2 0.50703125 0.51171875 0.05390625 0.06796875
2 0.5671875 0.50390625 0.053125 0.05703125
2 0.56328125 0.5671875 0.0515625 0.0625
2 0.67265625 0.5484375 0.0421875 0.06015625
2 0.33046875 0.65859375 0.06015625 0.05859375
2 0.39296875 0.646875 0.05390625 0.04921875
2 0.3359375 0.7125 0.05859375 0.0578125
2 0.396875 0.70390625 0.05078125 0.0515625
2 0.4515625 0.69765625 0.0515625 0.05546875
2 0.50546875 0.68515625 0.04765625 0.05625
2 0.6625 0.65703125 0.04609375 0.05546875