0 0.58828125 0.50703125 0.54453125 0.43828125
1 0.37109375 0.3671875 0.05625 0.065625
1 0.37890625 0.43203125 0.053125 0.059375
1 0.38671875 0.4921875 0.05078125 0.05546875
1 0.39453125 0.54609375 0.0453125 0.05234375
1 0.40078125 0.59609375 0.04765625 0.0453125
1 0.4078125 0.64140625 0.04453125 0.0453125
1 0.4359375 0.36953125 0.05625 0.06796875
1 0.4421875 0.43828125 0.05234375 0.0609375
1 0.44765625 0.496875 0.05390625 0.05234375
1 0.45078125 0.55 0.05078125 0.046875
1 0.45625 0.60078125 0.04609375 0.046875
1 0.459375 0.646875 0.04375 0.04609375
1 0.50390625 0.37421875 0.0578125 0.071875
1 0.50390625 0.4421875 0.059375 0.0578125
1 0.50625 0.50234375 0.05625 0.05234375
1 0.50859375 0.55625 0.05078125 0.0546875
1 0.5109375 0.60625 0.0484375 0.046875
1 0.51171875 0.65234375 0.04375 0.05
1 0.57265625 0.3796875 0.06171875 0.06796875
1 0.57265625 0.446875 0.0546875 0.059375
1 0.5703125 0.5078125 0.05078125 0.05390625
1 0.56953125 0.5625 0.0515625 0.05234375
1 0.56796875 0.61328125 0.05 0.0453125
1 0.5671875 0.66171875 0.04375 0.0453125
1 0.64375 0.38203125 0.05859375 0.06953125
1 0.63984375 0.45390625 0.06171875 0.06015625
1 0.6328125 0.51328125 0.06171875 0.0578125
1 0.63046875 0.56796875 0.05859375 0.05546875
1 0.6265625 0.61875 0.05234375 0.04765625
1 0.62421875 0.66640625 0.05078125 0.04375
1 0.7171875 0.3859375 0.0625 0.0703125
1 0.7109375 0.45546875 0.0640625 0.06640625
1 0.70078125 0.51796875 0.05859375 0.05
1 0.69375 0.575 0.05234375 0.053125
1 0.68515625 0.62578125 0.04921875 0.04375
1 0.68046875 0.678125 0.0515625 0.04609375
1 0.7390625 0.68125 0.05703125 0.05
1 0.74765625 0.63359375 0.053125 0.0484375
1 0.7578125 0.58125 0.05625 0.05703125
1 0.7671875 0.521875 0.05546875 0.05078125
1 0.77734375 0.4609375 0.05703125 0.065625
1 0.79375 0.39296875 0.06015625 0.07421875