0 0.525 0.40390625 0.5328125 0.4828125
1 0.3140625 0.23125 0.06640625 0.090625
1 0.321875 0.3171875 0.0625 0.08125
1 0.32890625 0.39609375 0.0609375 0.07265625
1 0.334375 0.46953125 0.06015625 0.0671875
1 0.34140625 0.53515625 0.05234375 0.0625
1 0.35 0.59921875 0.05546875 0.0625
1 0.38671875 0.22890625 0.06328125 0.08125
1 0.390625 0.315625 0.0640625 0.078125
1 0.39453125 0.3921875 0.06171875 0.07578125
1 0.4 0.46796875 0.0578125 0.06796875
1 0.4046875 0.53359375 0.05 0.0671875
1 0.409375 0.59765625 0.04609375 0.06328125
1 0.45625 0.225 0.0546875 0.08046875
1 0.46171875 0.31171875 0.0609375 0.078125
1 0.46171875 0.39140625 0.06328125 0.071875
1 0.46484375 0.46484375 0.0578125 0.078125
1 0.4671875 0.53046875 0.0546875 0.07109375
1 0.46953125 0.59296875 0.04765625 0.06015625
1 0.52578125 0.221875 0.0609375 0.08828125
1 0.5265625 0.3109375 0.06796875 0.0859375
1 0.52578125 0.38828125 0.059375 0.06953125
1 0.5265625 0.46015625 0.0546875 0.06015625
1 0.5265625 0.525 0.053125 0.0609375
1 0.5265625 0.5890625 0.04453125 0.0578125
1 0.5984375 0.22265625 0.065625 0.07890625
1 0.5953125 0.30546875 0.05625 0.0734375
1 0.59140625 0.38203125 0.05078125 0.0640625
1 0.58828125 0.45703125 0.053125 0.06171875
1 0.58828125 0.52265625 0.06484375 0.0609375
1 0.5875 0.58359375 0.04609375 0.04609375
1 0.6453125 0.5828125 0.0515625 0.05859375
1 0.64609375 0.51328125 0.04296875 0.05703125
1 0.65078125 0.453125 0.04453125 0.06328125
1 0.65625 0.378125 0.04921875 0.06171875
1 0.6609375 0.2953125 0.046875 0.0609375
1 0.66875 0.21640625 0.05546875 0.09453125
1 0.73515625 0.21171875 0.0515625 0.09296875
1 0.728125 0.3 0.059375 0.06953125
1 0.71796875 0.38125 0.05234375 0.07265625
1 0.71953125 0.446875 0.05234375 0.06484375
1 0.7078125 0.51953125 0.0546875 0.06640625
1 0.703125 0.57890625 0.05390625 0.06640625