0 0.3984375 0.52890625 0.3453125 0.3828125
3 0.3125 0.50078125 0.03359375 0.046875
3 0.32265625 0.58828125 0.03359375 0.0390625
3 0.32734375 0.63046875 0.02890625 0.03359375
3 0.4015625 0.61015625 0.03671875 0.04375
3 0.4421875 0.6609375 0.0359375 0.04296875
3 0.43984375 0.53046875 0.03671875 0.053125
3 0.528125 0.64140625 0.0421875 0.04453125
3 0.528125 0.6859375 0.03828125 0.040625
2 0.2890625 0.62109375 0.034375 0.040625
2 0.31640625 0.54453125 0.0359375 0.04375
2 0.36328125 0.63828125 0.0375 0.0390625
2 0.40390625 0.6453125 0.034375 0.028125
2 0.4390625 0.47890625 0.04296875 0.0515625
2 0.44140625 0.57578125 0.03984375 0.04296875
2 0.44296875 0.61875 0.03515625 0.04765625
2 0.48515625 0.67109375 0.0390625 0.04453125
2 0.52890625 0.5953125 0.03984375 0.046875
1 0.259375 0.39375 0.03984375 0.053125
1 0.26640625 0.44296875 0.03984375 0.0484375
1 0.271875 0.4921875 0.034375 0.04765625
1 0.278125 0.5375 0.0359375 0.0453125
1 0.28359375 0.57734375 0.0359375 0.04140625
1 0.3015625 0.40078125 0.04140625 0.0546875
1 0.30625 0.4515625 0.03671875 0.04765625
1 0.34453125 0.40859375 0.0421875 0.05546875
1 0.3484375 0.4609375 0.040625 0.04765625
1 0.353125 0.50859375 0.04140625 0.05
1 0.35625 0.553125 0.0390625 0.04609375
1 0.36171875 0.5984375 0.0375 0.04375
1 0.3890625 0.41875 0.0421875 0.05390625
1 0.39296875 0.46875 0.04296875 0.05
1 0.396875 0.51796875 0.03984375 0.05
1 0.3984375 0.56484375 0.0390625 0.0453125
1 0.434375 0.42421875 0.04296875 0.05859375
1 0.48046875 0.434375 0.0453125 0.05703125
1 0.53125 0.44453125 0.04609375 0.0640625
1 0.48359375 0.49140625 0.04140625 0.05
1 0.484375 0.53984375 0.0390625 0.05
1 0.48203125 0.58671875 0.040625 0.04765625
1 0.48359375 0.63125 0.0375 0.04375
1 0.5296875 0.4984375 0.04140625 0.05546875
1 0.52890625 0.55 0.04140625 0.046875