0 0.51328125 0.46796875 0.4265625 0.35703125
3 0.45625 0.4703125 0.040625 0.04296875
3 0.4125 0.6 0.0375 0.03828125
3 0.4578125 0.6015625 0.0421875 0.0375
2 0.45546875 0.515625 0.0390625 0.0421875
2 0.4578125 0.56171875 0.04140625 0.0390625
2 0.60234375 0.575 0.04140625 0.040625
2 0.59921875 0.61875 0.0390625 0.03671875
1 0.340625 0.35078125 0.05078125 0.0625
1 0.39765625 0.3578125 0.04921875 0.05234375
1 0.34765625 0.4078125 0.05078125 0.04765625
1 0.3515625 0.46015625 0.05 0.05234375
1 0.35703125 0.51015625 0.04453125 0.046875
1 0.36171875 0.55234375 0.04296875 0.04375
1 0.3671875 0.5953125 0.03984375 0.04140625
1 0.40078125 0.41328125 0.0484375 0.05234375
1 0.4046875 0.4640625 0.0484375 0.0515625
1 0.40625 0.51328125 0.046875 0.0453125
1 0.41015625 0.55625 0.040625 0.04375
1 0.453125 0.36328125 0.04609375 0.06015625
1 0.45234375 0.41875 0.04609375 0.0515625
1 0.5078125 0.36640625 0.05 0.05703125
1 0.50703125 0.421875 0.05 0.05078125
1 0.50625 0.4734375 0.04921875 0.0484375
1 0.5046875 0.521875 0.04375 0.04921875
1 0.5046875 0.56484375 0.0421875 0.04375
1 0.50390625 0.60703125 0.03828125 0.04375
1 0.56640625 0.36953125 0.0515625 0.0578125
1 0.5625 0.42578125 0.05 0.04921875
1 0.56015625 0.478125 0.05390625 0.05
1 0.55625 0.5265625 0.046875 0.0484375
1 0.55390625 0.57109375 0.0421875 0.0453125
1 0.5515625 0.6109375 0.0453125 0.04921875
1 0.62265625 0.371875 0.0515625 0.0625
1 0.61640625 0.4296875 0.05390625 0.05234375
1 0.61171875 0.48046875 0.05 0.04921875
1 0.60703125 0.528125 0.04375 0.046875
1 0.68125 0.37578125 0.05390625 0.0578125
1 0.67265625 0.434375 0.05546875 0.0515625
1 0.66484375 0.4859375 0.05234375 0.046875
1 0.6578125 0.5328125 0.04609375 0.046875
1 0.6515625 0.578125 0.04453125 0.040625
1 0.6453125 0.6203125 0.0421875 0.04140625