0 0.4484375 0.20859375 0.35078125 0.36640625
1 0.3125 0.06484375 0.04140625 0.0578125
1 0.3171875 0.125 0.04453125 0.059375
1 0.32109375 0.18515625 0.04453125 0.0546875
1 0.3265625 0.2421875 0.0421875 0.05546875
1 0.36015625 0.06953125 0.04453125 0.05859375
1 0.40390625 0.07109375 0.04296875 0.05546875
1 0.4484375 0.07265625 0.0421875 0.05234375
1 0.48828125 0.07265625 0.040625 0.05625
1 0.5296875 0.0765625 0.03515625 0.05625
1 0.5671875 0.0765625 0.03125 0.0515625
1 0.3640625 0.1265625 0.03984375 0.05078125
1 0.409375 0.1265625 0.03828125 0.05625
1 0.4515625 0.1265625 0.03671875 0.0546875
1 0.49296875 0.12890625 0.03359375 0.0546875
1 0.5328125 0.1296875 0.034375 0.0484375
1 0.57109375 0.12890625 0.0359375 0.0515625
1 0.36875 0.18515625 0.0390625 0.05625
1 0.41328125 0.18359375 0.03984375 0.05859375
1 0.45625 0.1859375 0.03671875 0.05234375
1 0.49765625 0.18359375 0.034375 0.0515625
1 0.5359375 0.1828125 0.034375 0.05078125
1 0.57421875 0.18203125 0.03125 0.0484375
1 0.37265625 0.2421875 0.0421875 0.05703125
1 0.41796875 0.240625 0.0375 0.05703125
1 0.46015625 0.2390625 0.0375 0.05546875
1 0.50234375 0.23671875 0.0359375 0.0515625
1 0.54140625 0.2359375 0.034375 0.05078125
1 0.5796875 0.2359375 0.03515625 0.05078125
1 0.33046875 0.30078125 0.04140625 0.0546875
1 0.37890625 0.2984375 0.040625 0.05390625
1 0.4234375 0.2953125 0.03984375 0.05234375
1 0.46484375 0.29375 0.0359375 0.04921875
1 0.50546875 0.29140625 0.03671875 0.05
1 0.54375 0.2890625 0.03515625 0.05
1 0.58125 0.28515625 0.034375 0.046875
1 0.3359375 0.3578125 0.046875 0.0578125
1 0.3828125 0.35546875 0.0453125 0.0625
1 0.42734375 0.35234375 0.03828125 0.05625
1 0.46953125 0.34921875 0.03671875 0.05234375
1 0.5078125 0.3453125 0.03828125 0.04921875
1 0.54921875 0.34375 0.03359375 0.05390625
1 0.58515625 0.33984375 0.034375 0.05625