0 0.45 0.2390625 0.4109375 0.43125
3 0.3484375 0.21015625 0.04765625 0.059375
3 0.34921875 0.34453125 0.0421875 0.0578125
3 0.35078125 0.4078125 0.046875 0.0546875
3 0.45546875 0.34296875 0.0421875 0.05859375
3 0.509375 0.40703125 0.04140625 0.05390625
3 0.50859375 0.215625 0.04375 0.0625
3 0.6125 0.3453125 0.04375 0.05703125
3 0.61171875 0.40703125 0.04140625 0.05234375
2 0.34765625 0.275 0.04765625 0.05703125
2 0.29453125 0.40859375 0.04765625 0.06015625
2 0.4046875 0.40625 0.05 0.05703125
2 0.4578125 0.41171875 0.04296875 0.05625
2 0.509375 0.3453125 0.0484375 0.0640625
2 0.5609375 0.409375 0.04375 0.0578125
2 0.509375 0.2828125 0.05078125 0.059375
2 0.61328125 0.28046875 0.04609375 0.059375
2 0.5078125 0.14609375 0.0421875 0.06328125
1 0.28828125 0.06953125 0.04921875 0.06484375
1 0.290625 0.140625 0.04296875 0.059375
1 0.2921875 0.20859375 0.04453125 0.06796875
1 0.29296875 0.27421875 0.04921875 0.06171875
1 0.2984375 0.340625 0.0546875 0.05390625
1 0.40390625 0.34609375 0.0484375 0.06328125
1 0.403125 0.2828125 0.04765625 0.06640625
1 0.403125 0.2125 0.04765625 0.05546875
1 0.45390625 0.2140625 0.0484375 0.0609375
1 0.45703125 0.2796875 0.04765625 0.0578125
1 0.3453125 0.14453125 0.05078125 0.065625
1 0.3453125 0.07421875 0.0484375 0.06328125
1 0.4 0.07578125 0.0515625 0.06640625
1 0.3984375 0.14453125 0.05 0.065625
1 0.453125 0.146875 0.05078125 0.0703125
1 0.4546875 0.0765625 0.04765625 0.06328125
1 0.50625 0.07578125 0.04765625 0.0703125
1 0.56171875 0.08203125 0.04765625 0.065625
1 0.5625 0.15078125 0.05078125 0.065625
1 0.56015625 0.215625 0.0515625 0.0640625
1 0.56171875 0.27890625 0.04765625 0.059375
1 0.55859375 0.34140625 0.05 0.07265625
1 0.6140625 0.2171875 0.04921875 0.06796875
1 0.6140625 0.1515625 0.053125 0.06953125
1 0.61640625 0.0859375 0.0484375 0.06328125