0 0.51015625 0.546875 0.4140625 0.50390625
3 0.4109375 0.4703125 0.03984375 0.05546875
2 0.4109375 0.53046875 0.04140625 0.05234375
3 0.4125 0.58828125 0.03828125 0.05390625
3 0.4140625 0.64375 0.0375 0.04921875
3 0.5109375 0.58515625 0.0390625 0.05
3 0.55859375 0.640625 0.03984375 0.0546875
3 0.56015625 0.4671875 0.0375 0.05234375
3 0.6546875 0.58125 0.0390625 0.053125
3 0.6546875 0.63828125 0.04140625 0.04921875
2 0.60703125 0.63828125 0.03828125 0.04921875
2 0.3640625 0.646875 0.040625 0.05234375
2 0.46171875 0.64140625 0.04453125 0.05546875
2 0.51015625 0.64140625 0.04140625 0.0515625
2 0.559375 0.58359375 0.03984375 0.0546875
2 0.559375 0.52578125 0.0359375 0.05234375
2 0.6578125 0.52421875 0.0390625 0.05390625
1 0.3546875 0.34453125 0.0484375 0.0640625
1 0.4078125 0.34609375 0.04140625 0.06328125
1 0.45859375 0.34765625 0.04140625 0.0578125
1 0.509375 0.34609375 0.03984375 0.06796875
1 0.56015625 0.34453125 0.040625 0.06171875
1 0.6125 0.34453125 0.04140625 0.0578125
1 0.66328125 0.34296875 0.0390625 0.059375
1 0.35546875 0.41015625 0.04296875 0.06171875
1 0.40859375 0.4078125 0.0390625 0.0578125
1 0.459375 0.4078125 0.03984375 0.05703125
1 0.509375 0.4078125 0.0375 0.0546875
1 0.6109375 0.4078125 0.0359375 0.05546875
2 0.559375 0.40625 0.04296875 0.059375
1 0.659375 0.40390625 0.040625 0.06015625
1 0.35859375 0.46875 0.04296875 0.05703125
1 0.3625 0.5875 0.040625 0.04765625
1 0.36015625 0.52890625 0.04140625 0.0578125
1 0.4609375 0.46875 0.04375 0.0546875
1 0.51015625 0.465625 0.04140625 0.05625
1 0.46015625 0.528125 0.0421875 0.05234375
1 0.51015625 0.525 0.03828125 0.05390625
1 0.46171875 0.5828125 0.04140625 0.05234375
1 0.61015625 0.4640625 0.0421875 0.05078125
1 0.65625 0.46484375 0.03515625 0.05546875
1 0.6078125 0.52578125 0.04140625 0.05625
1 0.6078125 0.58359375 0.0421875 0.0484375