0 0.47265625 0.6046875 0.3671875 0.31640625
2 0.38671875 0.6078125 0.03671875 0.03671875
2 0.38984375 0.69140625 0.03203125 0.0296875
2 0.39296875 0.728125 0.03359375 0.0328125
2 0.4765625 0.68125 0.0328125 0.0375
2 0.5171875 0.71640625 0.0328125 0.03671875
2 0.52109375 0.59765625 0.03984375 0.04296875
2 0.60234375 0.67109375 0.03671875 0.0375
2 0.59921875 0.71015625 0.03515625 0.03125
1 0.3890625 0.653125 0.0375 0.0359375
1 0.34921875 0.73359375 0.0359375 0.0328125
1 0.434375 0.725 0.03203125 0.03359375
1 0.4765625 0.7203125 0.0328125 0.0390625
1 0.51796875 0.678125 0.0359375 0.0359375
1 0.51953125 0.640625 0.03671875 0.03828125
1 0.52265625 0.553125 0.03828125 0.04375
1 0.5578125 0.71328125 0.03359375 0.03671875
1 0.6046875 0.63046875 0.03515625 0.03984375