0 0.48515625 0.5328125 0.325 0.41015625
2 0.425 0.53359375 0.040625 0.05390625
2 0.4265625 0.63671875 0.03671875 0.05078125
2 0.42734375 0.68984375 0.0359375 0.04375
2 0.5109375 0.60859375 0.03515625 0.046875
2 0.54765625 0.6421875 0.02734375 0.0421875
2 0.54921875 0.49609375 0.03203125 0.04609375
2 0.61953125 0.57109375 0.0265625 0.040625
2 0.6171875 0.61640625 0.03046875 0.04296875
1 0.425 0.58671875 0.03671875 0.0515625
1 0.3828125 0.70703125 0.04296875 0.0484375
1 0.46796875 0.67265625 0.03671875 0.05078125
1 0.51015625 0.65859375 0.03359375 0.05234375
1 0.54921875 0.546875 0.0328125 0.04609375
1 0.55234375 0.4453125 0.0296875 0.053125
1 0.54609375 0.59453125 0.0296875 0.04453125
1 0.58359375 0.62890625 0.02734375 0.04296875
1 0.6203125 0.525 0.028125 0.05078125