0 0.47734375 0.4078125 0.34375 0.36171875
3 0.42734375 0.3875 0.04140625 0.05
3 0.4296875 0.53515625 0.034375 0.04296875
3 0.3890625 0.5296875 0.03515625 0.04453125
2 0.428125 0.4390625 0.040625 0.04765625
2 0.42890625 0.48984375 0.0421875 0.04609375
2 0.55390625 0.503125 0.03828125 0.0515625
2 0.553125 0.55390625 0.04375 0.0515625
1 0.3375 0.2703125 0.03828125 0.05078125
1 0.340625 0.3265625 0.0359375 0.04921875
1 0.3421875 0.3796875 0.03515625 0.0484375
1 0.34453125 0.42890625 0.03515625 0.04453125
1 0.34609375 0.47734375 0.03515625 0.04140625
1 0.34921875 0.52578125 0.0328125 0.04453125
1 0.38046875 0.2734375 0.0359375 0.0515625
1 0.3828125 0.32890625 0.034375 0.04921875
1 0.38515625 0.38203125 0.03515625 0.04609375
1 0.38671875 0.434375 0.0328125 0.04453125
1 0.3875 0.48359375 0.034375 0.04140625
1 0.4234375 0.27734375 0.03671875 0.05078125
1 0.42578125 0.33203125 0.034375 0.0453125
1 0.46875 0.2796875 0.03671875 0.053125
1 0.46875 0.3359375 0.0375 0.04609375
1 0.46875 0.3921875 0.03515625 0.0484375
1 0.46953125 0.44296875 0.0359375 0.0453125
1 0.46953125 0.49375 0.03671875 0.04296875
1 0.46875 0.5421875 0.034375 0.04453125
1 0.51015625 0.54609375 0.03359375 0.04765625
1 0.596875 0.5578125 0.0359375 0.04609375
1 0.59921875 0.50703125 0.040625 0.04609375
1 0.51171875 0.49765625 0.03984375 0.04765625
1 0.51171875 0.44765625 0.0375 0.0484375
1 0.51328125 0.3953125 0.0375 0.0515625
1 0.51484375 0.340625 0.03828125 0.0546875
1 0.515625 0.2828125 0.0421875 0.059375
1 0.5625 0.2828125 0.04296875 0.05546875
1 0.5609375 0.34375 0.04140625 0.05234375
1 0.55859375 0.39921875 0.040625 0.05
1 0.55703125 0.453125 0.040625 0.05234375
1 0.60390625 0.45859375 0.0390625 0.04609375
1 0.60390625 0.40390625 0.0421875 0.0546875
1 0.6078125 0.34765625 0.04375 0.05625
1 0.61015625 0.2890625 0.0453125 0.05859375