0 0.57265625 0.41484375 0.26015625 0.31328125
1 0.4640625 0.296875 0.028125 0.03984375
1 0.46640625 0.33984375 0.03046875 0.040625
1 0.46875 0.378125 0.0265625 0.03671875
1 0.471875 0.415625 0.0265625 0.0359375
1 0.47578125 0.45234375 0.02578125 0.03515625
1 0.47890625 0.4875 0.02421875 0.034375
1 0.49296875 0.3015625 0.02578125 0.03828125
1 0.4953125 0.34296875 0.02578125 0.0375
1 0.4984375 0.3828125 0.02734375 0.03671875
1 0.50078125 0.42109375 0.02734375 0.0390625
1 0.50234375 0.45859375 0.02734375 0.034375
1 0.50546875 0.49296875 0.0265625 0.03671875
1 0.52421875 0.3046875 0.03046875 0.04140625
1 0.52578125 0.34765625 0.03046875 0.04140625
1 0.528125 0.3890625 0.028125 0.04296875
1 0.5296875 0.428125 0.02890625 0.0390625
1 0.53203125 0.465625 0.02890625 0.0375
1 0.53359375 0.5015625 0.03046875 0.0375
1 0.55703125 0.309375 0.0328125 0.04140625
1 0.55859375 0.35234375 0.0296875 0.040625
1 0.559375 0.39296875 0.03125 0.040625
1 0.56015625 0.434375 0.03046875 0.03828125
1 0.5625 0.47265625 0.03125 0.0375
1 0.5640625 0.51015625 0.02890625 0.0375
1 0.5921875 0.31171875 0.03046875 0.04375
1 0.5921875 0.35703125 0.03046875 0.04140625
1 0.5921875 0.39921875 0.03046875 0.03984375
1 0.59375 0.440625 0.03046875 0.03984375
1 0.59375 0.4796875 0.03046875 0.0359375
1 0.59375 0.5171875 0.03046875 0.03828125
1 0.62890625 0.31484375 0.03203125 0.0453125
1 0.62734375 0.3609375 0.03203125 0.0421875
1 0.628125 0.40625 0.03515625 0.04140625
1 0.62734375 0.4484375 0.03359375 0.04140625
1 0.628125 0.4859375 0.034375 0.0390625
1 0.62734375 0.52578125 0.03203125 0.04140625
1 0.66796875 0.3203125 0.03828125 0.04609375
1 0.665625 0.365625 0.03515625 0.04453125
1 0.665625 0.4109375 0.0359375 0.0421875
1 0.6640625 0.45546875 0.034375 0.0421875
1 0.6625 0.49453125 0.0328125 0.03984375
1 0.6625 0.5328125 0.03125 0.03828125