0 0.46875 0.56640625 0.29765625 0.2796875
1 0.34921875 0.46484375 0.0328125 0.0375
1 0.35234375 0.5078125 0.0328125 0.03828125
1 0.35703125 0.54921875 0.03359375 0.03828125
1 0.359375 0.58984375 0.0328125 0.034375
1 0.3625 0.62734375 0.03125 0.03515625
1 0.36640625 0.6640625 0.03203125 0.03203125
1 0.38828125 0.46796875 0.034375 0.04140625
1 0.390625 0.509375 0.034375 0.040625
1 0.39375 0.55234375 0.03125 0.03828125
1 0.39609375 0.590625 0.03203125 0.03671875
1 0.3984375 0.6296875 0.0328125 0.0359375
1 0.40078125 0.6671875 0.03046875 0.034375
1 0.4265625 0.46953125 0.03359375 0.04140625
1 0.42890625 0.5125 0.03515625 0.0421875
1 0.43125 0.55390625 0.0328125 0.03984375
1 0.43359375 0.59375 0.03203125 0.03828125
1 0.43515625 0.63125 0.03203125 0.03671875
1 0.4375 0.66796875 0.03046875 0.034375
1 0.465625 0.47109375 0.0328125 0.04140625
1 0.4671875 0.51328125 0.0328125 0.0390625
1 0.46875 0.55390625 0.03203125 0.0375
1 0.46953125 0.59453125 0.03359375 0.03671875
1 0.47109375 0.63359375 0.0328125 0.03828125
1 0.471875 0.67109375 0.034375 0.0359375
1 0.5046875 0.47109375 0.03515625 0.04375
1 0.50546875 0.515625 0.034375 0.03984375
1 0.50625 0.55703125 0.0328125 0.0390625
1 0.50703125 0.596875 0.0328125 0.03671875
1 0.50703125 0.63515625 0.0328125 0.03828125
1 0.50859375 0.67421875 0.0328125 0.03828125
1 0.5453125 0.471875 0.0359375 0.04609375
1 0.54453125 0.51640625 0.0359375 0.04140625
1 0.54375 0.55859375 0.034375 0.0390625
1 0.54453125 0.59921875 0.0328125 0.04140625
1 0.54453125 0.6375 0.03359375 0.0359375
1 0.54296875 0.67578125 0.0328125 0.03671875
1 0.57890625 0.6765625 0.03046875 0.0375
1 0.58046875 0.63984375 0.03203125 0.0390625
1 0.58203125 0.60078125 0.03515625 0.0390625
1 0.5828125 0.56171875 0.034375 0.04296875
1 0.58359375 0.5171875 0.03515625 0.04296875
1 0.58359375 0.47421875 0.03671875 0.04609375